(966.5, 846.6875, 1228.5, 1033.6875)
(4123.34375, 1918.390625, 4272.34375, 2067.390625)
(3548.3125, 1918.390625, 3808.3125, 2293.390625)
(856.5, 307.0, 1046.5, 407.0)
(381.5, 1517.390625, 741.5, 1517.390625)
(366.5, 287.0, 1536.5, 427.0)
(1258.5, 5116.8125, 1520.5, 5303.8125)
(381.5, 2682.15625, 721.5, 2734.15625)
(466.5, 0.0, 1436.5, 250.0)
(966.5, 5314.140625, 1228.5, 5380.140625)
(0.0, 0.0, 375.0, 269.0)
(2309.703125, 2240.15625, 2449.703125, 2253.15625)
(2270.25, 2197.15625, 2489.25, 2231.15625)
(485.96875, 1918.390625, 634.96875, 2067.390625)
(966.5, 1744.390625, 1229.5, 1744.390625)
(380.5, 4710.15625, 1516.5, 4761.15625)
(391.5, 4137.15625, 538.5, 4154.15625)
(366.5, 1607.390625, 1536.5, 1607.390625)
(781.5, 1344.390625, 867.5, 1361.390625)
(771.828125, 5016.8125, 923.828125, 5038.8125)
(966.5, 846.6875, 1229.5, 1164.6875)
(0.0, 0.0, 263.0, 115.0)
(966.5, 508.0, 1229.5, 696.0)
(1259.0, 825.6875, 1522.0, 1124.6875)
(381.5, 1537.390625, 678.5, 1573.390625)
(1296.5, 2806.15625, 1521.5, 2890.15625)
(1296.5, 2556.15625, 1516.5, 2616.15625)
(-232.984375, 972.0, -214.984375, 994.0)
(1294.0, 655.6875, 1487.0, 672.6875)
(3049.6875, 2161.15625, 3268.6875, 2182.15625)
(1191.5, 4414.15625, 1491.5, 4664.15625)
(-868.5, 1918.390625, -608.5, 2104.390625)
(966.5, 5116.8125, 1228.5, 5378.8125)
(-194.984375, 972.0, -176.984375, 996.0)
(-548.234375, 2223.15625, -408.234375, 2236.15625)
(576.5, 5657.875, 630.5, 5672.875)
(1750.625, 2219.15625, 1969.625, 2241.15625)
(1294.0, 1087.375, 1487.0, 1109.375)
(0.0, 0.0, 1903.0, 2222.0)
(2530.0625, 2197.15625, 2749.0625, 2214.15625)
(966.5, 5390.140625, 975.5, 5401.140625)
(674.0, 1607.390625, 937.0, 1803.390625)
(2509.0625, 2104.15625, 2769.0625, 2293.15625)
(0.0, 0.0, 6114.0, 44.0)
(1490.8125, 2124.15625, 1709.8125, 2272.15625)
(381.5, 2741.15625, 533.5, 2763.15625)
(-868.5, 1918.390625, -608.5, 2293.390625)
(966.5, 5385.140625, 1118.5, 5407.140625)
(674.0, 1607.390625, 794.0, 1692.390625)
(2509.0625, 1918.390625, 2769.0625, 2293.390625)
(391.5, 2638.15625, 476.5, 2655.15625)
(438.59375, 926.390625, 879.59375, 988.390625)
(1001.5, 774.6875, 1010.5, 785.6875)
(1146.5, 2962.15625, 1521.5, 3600.15625)
(976.5, 5277.140625, 1118.5, 5294.140625)
(1029.59375, 0.0, 1115.59375, 50.0)
(381.5, 1607.390625, 501.5, 1692.390625)
(781.828125, 4913.8125, 923.828125, 4930.8125)
(1501.5, 251.5, 1521.5, 288.5)
(427.5, 998.390625, 890.5, 1020.390625)
(2789.875, 2219.15625, 3008.875, 2241.15625)
(0.0, 0.0, 884.0, 22.0)
(906.5, 4075.15625, 1099.5, 4156.15625)
(756.5, 1191.390625, 1146.5, 1509.390625)
(1161.5, 2555.15625, 1521.5, 2917.15625)
(1294.0, 973.375, 1487.0, 990.375)
(0.0, 0.0, 16.0, 6.0)
(539.6875, 4711.15625, 642.6875, 4761.15625)
(0.0, 0.0, 359.0, 0.0)
(771.828125, 5021.8125, 780.828125, 5032.8125)
(966.5, 508.0, 1229.5, 827.0)
(3808.125, 1918.390625, 4068.125, 2104.390625)
(382.5, 509.0, 935.5, 904.0)
(0.0, 250.0, 1903.0, 5820.0)
(366.5, 4392.15625, 1536.5, 4392.15625)
(3608.765625, 2244.15625, 3748.765625, 2257.15625)
(0.0, 0.0, 325.0, 2.0)
(1294.0, 1092.375, 1303.0, 1103.375)
(0.0, 0.0, 6113.0, 44.0)
(580.046875, 880.390625, 732.046875, 904.390625)
(381.5, 1848.390625, 1521.5, 2293.390625)
(3028.6875, 1918.390625, 3288.6875, 2104.390625)
(4120.4375, 2172.15625, 4275.4375, 2212.15625)
(381.5, 2783.15625, 741.5, 2783.15625)
(1259.0, 508.0, 1521.0, 695.0)
(194.65625, 2162.15625, 407.65625, 2181.15625)
(906.5, 4163.15625, 1058.5, 4185.15625)
(-320.0, 0.0, 0.0, 1080.0)
(-327.875, 2124.15625, -108.875, 2258.15625)
(381.5, 3861.15625, 741.5, 3944.15625)
(3548.3125, 1918.390625, 3808.3125, 2104.390625)
(0.0, 0.0, 6417.0, 44.0)
(1001.5, 1019.375, 1194.5, 1103.375)
(381.5, 2485.15625, 741.5, 2783.15625)
(1161.5, 2806.15625, 1281.5, 2891.15625)
(716.5, 0.0, 759.5, 50.0)
(1149.5, 3231.65625, 1508.5, 3305.65625)
(771.5, 3938.15625, 1131.5, 4049.15625)
(1491.5, 4651.15625, 1491.5, 4668.15625)
(1161.5, 2670.15625, 1521.5, 2781.15625)
(0.0, 0.0, 0.0, 0.0)
(3028.6875, 1918.390625, 3288.6875, 2293.390625)
(2045.125, 2162.15625, 2194.125, 2181.15625)
(906.5, 3667.15625, 1100.5, 3748.15625)
(3348.953125, 2223.15625, 3488.953125, 2236.15625)
(366.5, 1848.390625, 1536.5, 1848.390625)
(1146.5, 3308.65625, 1521.5, 3308.65625)
(1130.734375, 427.0, 1332.734375, 477.0)
(1346.921875, 443.0, 1361.921875, 459.0)
(771.5, 3666.15625, 1131.5, 4185.15625)
(3309.5, 2219.15625, 3528.5, 2241.15625)
(381.5, 0.0, 1521.5, 50.0)
(795.40625, 2127.15625, 846.40625, 2140.15625)
(2010.4375, 2124.15625, 2229.4375, 2241.15625)
(771.5, 3802.15625, 891.5, 3922.15625)
(906.5, 4027.15625, 1058.5, 4049.15625)
(660.859375, 5657.875, 776.859375, 5672.875)
(231.203125, 2223.15625, 371.203125, 2236.15625)
(381.5, 2741.15625, 741.5, 2763.15625)
(771.5, 1191.390625, 1131.5, 1371.390625)
(771.5, 2485.15625, 1131.5, 2845.15625)
(1989.4375, 1918.390625, 2249.4375, 2293.390625)
(1171.15625, 4913.8125, 1318.15625, 4930.8125)
(891.5, 3938.15625, 1131.5, 4049.15625)
(966.5, 5315.140625, 1197.5, 5378.140625)
(366.5, 5604.875, 561.5, 5789.875)
(1452.859375, 478.0, 1488.859375, 478.0)
(1210.0, 1918.390625, 1470.0, 2293.390625)
(381.5, 2746.15625, 390.5, 2757.15625)
(1146.5, 3039.15625, 1521.5, 3315.15625)
(1149.5, 3231.65625, 1508.5, 3283.65625)
(809.0, 1764.390625, 818.0, 1775.390625)
(1296.5, 2628.15625, 1305.5, 2639.15625)
(381.5, 4179.15625, 741.5, 4235.15625)
(392.5, 4913.8125, 473.5, 4930.8125)
(-847.5, 2161.15625, -628.5, 2182.15625)
(-320.0, 1006.0, 0.0, 1080.0)
(771.5, 1447.390625, 923.5, 1469.390625)
(1469.8125, 2104.15625, 1729.8125, 2293.15625)
(771.5, 3802.15625, 891.5, 3888.15625)
(0.0, 0.0, 6245.0, 44.0)
(891.5, 4074.15625, 1131.5, 4185.15625)
(0.0, 0.0, 0.0, 48.0)
(674.5, 5116.8125, 936.5, 5378.8125)
(1750.625, 2124.15625, 1969.625, 2241.15625)
(392.5, 2355.15625, 1120.5, 2445.15625)
(382.5, 4761.15625, 741.5, 4940.15625)
(801.5, 4292.859375, 1101.5, 4309.859375)
(1161.5, 2555.15625, 1281.5, 2675.15625)
(381.5, 3984.15625, 741.5, 4164.15625)
(1210.0, 1918.390625, 1469.0, 2293.390625)
(-33.65625, 1918.390625, 115.34375, 2067.390625)
(781.5, 2638.15625, 928.5, 2655.15625)
(2569.515625, 2223.15625, 2709.515625, 2236.15625)
(558.7000122070312, 540.0, 1412.7000122070312, 540.0)
(716.5, 0.0, 1317.5, 0.0)
(1490.8125, 2250.15625, 1709.8125, 2272.15625)
(674.5, 5315.140625, 920.5, 5378.140625)
(891.5, 3802.15625, 1131.5, 3913.15625)
(382.5, 5385.140625, 534.5, 5407.140625)
(2270.25, 2161.15625, 2489.25, 2182.15625)
(381.5, 3022.15625, 1146.5, 3636.15625)
(906.5, 3891.15625, 1058.5, 3913.15625)
(1149.5, 3042.15625, 1508.5, 3222.15625)
(906.5, 4032.15625, 915.5, 4043.15625)
(771.5, 2485.15625, 1131.5, 2811.15625)
(1294.0, 977.375, 1340.0, 988.375)
(1086.5, 1607.390625, 1229.5, 1719.390625)
(191.75, 2124.15625, 410.75, 2241.15625)
(1149.5, 3042.15625, 1518.5, 3306.15625)
(1268.5, 5277.140625, 1415.5, 5294.140625)
(0.0, 0.0, 320.0, 39.0)
(1101.5, 1679.390625, 1226.5, 1714.390625)
(382.5, 4761.15625, 771.5, 5039.15625)
(0.0, 0.0, 5414.0, 88.0)
(1146.5, 1191.390625, 1536.5, 1441.390625)
(382.5, 5385.140625, 644.5, 5407.140625)
(1001.5, 681.6875, 1189.5, 763.6875)
(2249.25, 1918.390625, 2509.25, 2104.390625)
(381.5, 1848.390625, 437.5, 1884.390625)
(906.5, 4027.15625, 1131.5, 4049.15625)
(771.5, 2485.15625, 1131.5, 2791.15625)
(0.0, 0.0, 63.0, 22.0)
(-553.0, 2162.15625, -404.0, 2181.15625)
(966.5, 5116.8125, 1258.5, 5406.8125)
(2571.953125, 2162.15625, 2706.953125, 2181.15625)
(0.0, 0.0, 263.0, 319.0)
(781.5, 1344.390625, 862.5, 1361.390625)
(1394.0, 1679.390625, 1505.0, 1692.390625)
(1469.8125, 1918.390625, 1729.8125, 2104.390625)
(430.5625, 2104.15625, 690.5625, 2293.15625)
(0.0, 0.0, 111.0, 47.0)
(391.5, 4137.15625, 533.5, 4154.15625)
(576.5, 5604.875, 1229.5, 5690.875)
(191.75, 2219.15625, 410.75, 2241.15625)
(3049.6875, 2197.15625, 3268.6875, 2214.15625)
(3808.125, 2104.15625, 4068.125, 2293.15625)
(1294.0, 748.6875, 1487.0, 770.6875)
(771.5, 4074.15625, 891.5, 4159.15625)
(713.3125, 270.0, 1409.3125, 270.0)
(466.5, 115.703125, 1436.5, 132.703125)
(366.5, 2962.15625, 1146.5, 3666.15625)
(381.5, 1475.390625, 533.5, 1497.390625)
(382.5, 5315.140625, 617.5, 5378.140625)
(771.5, 2682.15625, 1086.5, 2762.15625)
(3570.265625, 2162.15625, 3787.265625, 2202.15625)
(191.75, 2197.15625, 410.75, 2214.15625)
(0.0, 0.0, 1138.0, 336.0)
(0.0, 0.0, 965.0, 176.0)
(660.859375, 5656.875, 803.859375, 5683.875)
(381.5, 3666.15625, 741.5, 3846.15625)
(1259.0, 5654.875, 1269.0, 5676.875)
(3309.5, 2161.15625, 3528.5, 2182.15625)
(427.5, 924.390625, 890.5, 990.390625)
(1146.5, 3666.15625, 1536.5, 4335.15625)
(756.5, 3666.15625, 756.5, 3688.15625)
(2829.328125, 2223.15625, 2969.328125, 2236.15625)
(451.5625, 2161.15625, 670.5625, 2182.15625)
(0.0, 0.0, 7185.0, 44.0)
(966.5, 826.6875, 1229.5, 826.6875)
(1274.0, 963.375, 1507.0, 1124.375)
(1146.5, 3066.890625, 1521.5, 3066.890625)
(381.5, 3984.15625, 741.5, 4344.15625)
(906.5, 4163.15625, 1131.5, 4185.15625)
(1101.5, 1608.390625, 1223.5, 1668.390625)
(1467.5, 251.5, 1487.5, 288.5)
(1149.5, 3284.453125, 1508.5, 3284.453125)
(684.5, 5277.140625, 826.5, 5294.140625)
(1364.015625, 5654.875, 1382.015625, 5676.875)
(950.1875, 2104.15625, 1210.1875, 2293.15625)
(674.0, 1607.390625, 937.0, 1828.390625)
(4067.9375, 1918.390625, 4327.9375, 2293.390625)
(1161.5, 2555.15625, 1521.5, 2942.15625)
(381.5, 3863.15625, 738.5, 3915.15625)
(950.1875, 1918.390625, 1210.1875, 2104.390625)
(381.5, 3861.15625, 741.5, 3917.15625)
(950.1875, 1918.390625, 1210.1875, 2293.390625)
(381.5, 2745.15625, 533.5, 2758.15625)
(226.15625, 1918.390625, 375.15625, 2067.390625)
(541.125, 427.0, 1333.125, 427.0)
(3829.125, 2219.15625, 4048.125, 2241.15625)
(1231.0, 2197.15625, 1450.0, 2214.15625)
(1191.5, 4651.15625, 1491.5, 4668.15625)
(806.875, 5657.875, 859.875, 5672.875)
(0.0, 0.0, 238.0, 47.0)
(1161.15625, 5044.8125, 1313.15625, 5066.8125)
(391.5, 1344.390625, 472.5, 1361.390625)
(3569.3125, 2161.15625, 3788.3125, 2203.15625)
(4088.9375, 2250.15625, 4307.9375, 2272.15625)
(-26.171875, 2162.15625, 108.828125, 2181.15625)
(1161.5, 2485.15625, 1521.5, 2525.15625)
(756.5, 3666.15625, 1146.5, 4392.15625)
(486.875, 2162.15625, 635.875, 2181.15625)
(906.5, 3755.15625, 1058.5, 3777.15625)
(391.5, 3819.15625, 497.5, 3836.15625)
(674.5, 5116.8125, 936.5, 5303.8125)
(771.828125, 4955.8125, 1130.828125, 5011.8125)
(809.0, 1759.390625, 937.0, 1803.390625)
(627.953125, 1081.390625, 690.953125, 1098.390625)
(582.96875, 998.390625, 735.96875, 1020.390625)
(776.28125, 0.0, 852.28125, 50.0)
(745.78125, 1918.390625, 894.78125, 2067.390625)
(2564.46875, 1918.390625, 2713.46875, 2067.390625)
(1296.5, 2807.15625, 1502.5, 2888.15625)
(0.0, 250.0, 1903.0, 250.0)
(606.109375, 427.0, 697.109375, 477.0)
(1005.59375, 1918.390625, 1154.59375, 2067.390625)
(2010.4375, 2219.15625, 2229.4375, 2241.15625)
(771.828125, 5016.8125, 1130.828125, 5038.8125)
(-300.0, 261.0, -20.0, 286.0)
(0.0, 0.0, 263.0, 221.0)
(366.5, 253.0, 1536.5, 287.0)
(0.0, 11.296875, 0.0, 11.296875)
(381.5, 2485.15625, 741.5, 2665.15625)
(541.125, 437.0, 584.125, 466.0)
(966.5, 5389.140625, 1118.5, 5402.140625)
(-847.5, 2219.15625, -628.5, 2241.15625)
(-327.875, 2236.15625, -108.875, 2258.15625)
(1029.59375, 0.0, 1098.59375, 50.0)
(382.5, 5116.8125, 674.5, 5406.8125)
(3863.53125, 1918.390625, 4012.53125, 2067.390625)
(1146.5, 3599.890625, 1521.5, 3599.890625)
(1161.15625, 4955.8125, 1520.15625, 5039.8125)
(381.5, 5502.140625, 1521.5, 5502.140625)
(401.5, 3022.15625, 1136.5, 3564.15625)
(516.5, 1738.390625, 644.5, 1782.390625)
(771.5, 1386.390625, 1131.5, 1442.390625)
(559.6875, 4726.15625, 622.6875, 4745.15625)
(382.5, 5314.140625, 644.5, 5380.140625)
(873.34375, 437.0, 1017.34375, 466.0)
(1259.0, 825.6875, 1522.0, 1013.6875)
(-89.0625, 2104.15625, 170.9375, 2293.15625)
(1289.296875, 5654.875, 1306.296875, 5678.875)
(381.5, 1807.390625, 644.5, 1807.390625)
(0.0, 0.0, 1138.0, 315.0)
(1001.5, 769.6875, 1153.5, 791.6875)
(1146.5, 4392.15625, 1536.5, 4711.15625)
(-348.875, 1918.390625, -88.875, 2293.390625)
(3288.5, 1918.390625, 3548.5, 2293.390625)
(366.5, 2333.15625, 1536.5, 2485.15625)
(771.828125, 4761.15625, 1130.828125, 4940.15625)
(1258.5, 5315.140625, 1476.5, 5378.140625)
(1521.5, 452.0, 1521.5, 452.0)
(801.5, 4252.15625, 1101.5, 4352.15625)
(1326.015625, 5654.875, 1344.015625, 5676.875)
(-587.6875, 2124.15625, -368.6875, 2241.15625)
(1294.0, 748.6875, 1446.0, 770.6875)
(381.5, 1191.390625, 741.5, 1517.390625)
(382.5, 4761.15625, 741.5, 4941.15625)
(-194.984375, 972.0, -176.984375, 994.0)
(0.0, 0.0, 1903.0, 1080.0)
(381.5, 4181.15625, 696.5, 4233.15625)
(366.5, 508.0, 1536.5, 1191.0)
(3084.09375, 1918.390625, 3233.09375, 2067.390625)
(1394.0, 1607.390625, 1522.0, 1670.390625)
(1231.0, 2161.15625, 1450.0, 2182.15625)
(1146.5, 3066.890625, 1521.5, 3072.890625)
(758.25, 4711.15625, 864.25, 4761.15625)
(0.0, 0.0, 1903.0, 250.0)
(366.5, 3666.15625, 1536.5, 4392.15625)
(771.5, 3802.15625, 891.5, 3887.15625)
(391.5, 4726.15625, 528.5, 4745.15625)
(1001.5, 773.6875, 1153.5, 786.6875)
(3393.53125, 2127.15625, 3444.53125, 2140.15625)
(795.046875, 437.0, 851.046875, 466.0)
(0.0, 0.0, 7292.0, 44.0)
(366.5, 1848.390625, 1536.5, 2333.390625)
(170.75, 1918.390625, 430.75, 2104.390625)
(1258.5, 5385.140625, 1410.5, 5407.140625)
(758.625, 3585.15625, 778.625, 3606.15625)
(0.0, 0.0, 360.0, 544.0)
(0.0, 0.0, 6063.0, 44.0)
(1847.0, 37.0, 1867.0, 61.0)
(868.8125, 0.0, 1029.8125, 50.0)
(771.5, 2811.15625, 1131.5, 2811.15625)
(771.5, 1447.390625, 1131.5, 1469.390625)
(2530.0625, 2124.15625, 2749.0625, 2241.15625)
(381.5, 7.5, 695.5, 42.5)
(366.5, 1607.390625, 1536.5, 1848.390625)
(1394.0, 1608.390625, 1511.0, 1668.390625)
(771.5, 3938.15625, 891.5, 4024.15625)
(1729.625, 1918.390625, 1989.625, 2293.390625)
(906.5, 4074.15625, 1131.5, 4158.15625)
(381.5, 2680.15625, 741.5, 2763.15625)
(1258.5, 5389.140625, 1410.5, 5402.140625)
(0.0, 0.0, 263.0, 298.0)
(381.5, 427.0, 1521.5, 477.0)
(391.5, 3819.15625, 502.5, 3836.15625)
(381.5, 4760.15625, 1521.5, 5503.15625)
(2509.0625, 1918.390625, 2768.0625, 2293.390625)
(-772.734375, 2127.15625, -703.734375, 2140.15625)
(1750.625, 2124.15625, 1969.625, 2141.15625)
(2010.4375, 2124.15625, 2229.4375, 2141.15625)
(366.5, 2333.15625, 366.5, 2355.15625)
(381.5, 5604.875, 546.5, 5691.875)
(906.5, 3759.15625, 1058.5, 3772.15625)
(-269.703125, 972.0, -252.703125, 996.0)
(1750.625, 2161.15625, 1969.625, 2182.15625)
(391.5, 2638.15625, 471.5, 2655.15625)
(3569.3125, 2124.15625, 3788.3125, 2141.15625)
(1161.15625, 4955.8125, 1520.15625, 5066.8125)
(-269.703125, 972.0, -252.703125, 994.0)
(966.5, 508.0, 1228.5, 695.0)
(2873.90625, 2127.15625, 2924.90625, 2140.15625)
(906.5, 4168.15625, 915.5, 4179.15625)
(906.5, 3891.15625, 1131.5, 3913.15625)
(971.1875, 2161.15625, 1190.1875, 2203.15625)
(561.5, 5604.875, 1244.5, 5690.875)
(366.5, 508.0, 951.5, 1191.0)
(381.5, 1191.390625, 741.5, 1371.390625)
(366.5, 1537.390625, 1536.5, 1607.390625)
(1259.0, 1722.390625, 1522.0, 1722.390625)
(392.5, 2390.859375, 1120.5, 2407.859375)
(-300.0, 221.0, -20.0, 246.0)
(771.828125, 4761.15625, 1130.828125, 5120.15625)
(0.0, 0.0, 695.0, 66.0)
(1294.0, 657.6875, 1348.0, 671.6875)
(1341.5, 3668.15625, 1341.5, 3685.15625)
(1146.5, 4403.453125, 1146.5, 4403.453125)
(750.828125, 2223.15625, 890.828125, 2236.15625)
(-48.0, 32.5, -34.0, 46.5)
(884.859375, 4726.15625, 1067.859375, 4745.15625)
(1244.0, 1607.390625, 1536.0, 1742.390625)
(906.5, 3755.15625, 1131.5, 3777.15625)
(1296.5, 2759.15625, 1448.5, 2781.15625)
(663.984375, 4726.15625, 736.984375, 4745.15625)
(1750.625, 2197.15625, 1969.625, 2214.15625)
(809.0, 1607.390625, 937.0, 1754.390625)
(0.0, 0.0, 113.0, 47.0)
(906.5, 3939.15625, 1100.5, 4020.15625)
(3569.3125, 2218.15625, 3788.3125, 2235.15625)
(-300.0, 181.0, -20.0, 206.0)
(1231.0, 2219.15625, 1450.0, 2241.15625)
(2010.4375, 2161.15625, 2229.4375, 2182.15625)
(966.5, 1607.390625, 1086.5, 1693.390625)
(1394.0, 1675.390625, 1522.0, 1697.390625)
(381.5, 4711.15625, 1521.5, 5503.15625)
(873.34375, 427.0, 1039.34375, 477.0)
(381.5, 1388.390625, 673.5, 1468.390625)
(-348.875, 1918.390625, -88.875, 2104.390625)
(3288.5, 1918.390625, 3548.5, 2104.390625)
(366.5, 2962.15625, 1536.5, 3666.15625)
(381.5, 3922.15625, 741.5, 3944.15625)
(381.5, 357.0, 381.5, 357.0)
(0.0, 0.0, 6376.0, 44.0)
(1827.0, 1034.0, 1873.0, 1080.0)
(516.5, 1743.390625, 525.5, 1754.390625)
(756.5, 3677.453125, 756.5, 3677.453125)
(-587.6875, 2124.15625, -368.6875, 2141.15625)
(1259.0, 825.6875, 1521.0, 1012.6875)
(1259.0, 5605.875, 1314.0, 5620.875)
(382.5, 5116.8125, 644.5, 5303.8125)
(966.5, 508.0, 1229.5, 807.0)
(690.375, 1918.390625, 950.375, 2104.390625)
(3049.6875, 2219.15625, 3268.6875, 2241.15625)
(1296.5, 2670.15625, 1521.5, 2754.15625)
(-89.0625, 1918.390625, 170.9375, 2293.390625)
(771.5, 3666.15625, 891.5, 3752.15625)
(1294.0, 998.375, 1487.0, 1082.375)
(711.375, 2219.15625, 930.375, 2241.15625)
(758.25, 4711.15625, 863.25, 4761.15625)
(771.5, 4210.15625, 1131.5, 4210.15625)
(0.0, 5564.875, 1903.0, 5564.875)
(1346.859375, 427.0, 1361.859375, 477.0)
(391.5, 1344.390625, 467.5, 1361.390625)
(-68.0625, 2124.15625, 150.9375, 2141.15625)
(381.5, 2333.15625, 1131.5, 2445.15625)
(1490.8125, 2171.15625, 1709.8125, 2213.15625)
(401.5, 2972.15625, 451.5, 3008.15625)
(366.5, 3666.15625, 1536.5, 3666.15625)
(381.5, 1386.390625, 741.5, 1470.390625)
(1146.5, 3039.15625, 1521.5, 3309.15625)
(1001.5, 659.6875, 1082.5, 670.6875)
(0.0, 0.0, 257.0, 22.0)
(1210.0, 1918.390625, 1470.0, 2104.390625)
(-89.0625, 1918.390625, 170.9375, 2104.390625)
(1101.5, 4292.859375, 1101.5, 4309.859375)
(397.5, 904.390625, 920.5, 1130.390625)
(1294.0, 752.6875, 1446.0, 765.6875)
(1161.15625, 4957.8125, 1471.15625, 5037.8125)
(1115.796875, 0.0, 1317.796875, 50.0)
(381.5, 1480.390625, 390.5, 1491.390625)
(-847.5, 2124.15625, -628.5, 2241.15625)
(576.5, 5605.875, 738.5, 5620.875)
(-320.0, 0.0, 0.0, 81.0)
(-868.5, 2104.15625, -608.5, 2293.15625)
(966.5, 846.6875, 1229.5, 1034.6875)
(1166.5, 2972.15625, 1216.5, 3008.15625)
(771.5, 1386.390625, 1131.5, 1469.390625)
(1161.5, 2555.15625, 1281.5, 2641.15625)
(0.0, 0.0, 263.0, 200.0)
(795.046875, 427.0, 873.046875, 477.0)
(170.75, 1918.390625, 430.75, 2293.390625)
(0.0, 0.0, 745.0, 1232.0)
(0.0, 0.0, 121.0, 47.0)
(-300.0, 141.0, -20.0, 166.0)
(1826.0, 17.0, 1886.0, 81.0)
(381.5, 2680.15625, 741.5, 2736.15625)
(381.5, 4392.15625, 1131.5, 4631.15625)
(1161.15625, 4761.15625, 1520.15625, 5120.15625)
(2614.09375, 2127.15625, 2665.09375, 2140.15625)
(1101.5, 1607.390625, 1229.5, 1670.390625)
(0.0, 0.0, 440.0, 176.0)
(659.0, 1607.390625, 951.0, 1848.390625)
(381.5, 1918.390625, 1521.5, 2293.390625)
(170.75, 2104.15625, 430.75, 2293.15625)
(906.5, 3896.15625, 915.5, 3907.15625)
(3887.453125, 2127.15625, 3989.453125, 2140.15625)
(606.109375, 437.0, 675.109375, 466.0)
(756.5, 2485.15625, 1146.5, 2831.15625)
(771.828125, 4761.15625, 1130.828125, 4941.15625)
(674.0, 1828.390625, 937.0, 1828.390625)
(1001.5, 769.6875, 1194.5, 791.6875)
(381.5, 1479.390625, 533.5, 1492.390625)
(1490.8125, 2228.15625, 1709.8125, 2245.15625)
(451.5625, 2219.15625, 670.5625, 2241.15625)
(-847.5, 2197.15625, -628.5, 2214.15625)
(381.5, 1475.390625, 741.5, 1497.390625)
(451.5625, 2124.15625, 670.5625, 2141.15625)
(2789.875, 2124.15625, 3008.875, 2241.15625)
(366.5, 427.0, 1536.5, 477.0)
(1149.5, 3053.453125, 1149.5, 3053.453125)
(381.5, 3926.15625, 533.5, 3939.15625)
(1161.15625, 5044.8125, 1520.15625, 5066.8125)
(381.5, 4240.15625, 741.5, 4262.15625)
(0.0, 0.0, 7115.0, 44.0)
(711.375, 2161.15625, 930.375, 2182.15625)
(1258.5, 5314.140625, 1520.5, 5380.140625)
(-300.0, 301.0, -20.0, 326.0)
(0.0, 287.0, 1903.0, 427.0)
(1294.0, 999.375, 1483.0, 1081.375)
(1171.15625, 4913.8125, 1313.15625, 4930.8125)
(1259.0, 508.0, 1522.0, 806.0)
(381.5, 3927.15625, 390.5, 3938.15625)
(381.5, 3922.15625, 533.5, 3944.15625)
(407.5, 1989.390625, 451.5, 2033.390625)
(0.0, 0.0, 189.0, 47.0)
(1259.0, 1144.375, 1522.0, 1144.375)
(674.5, 5390.140625, 683.5, 5401.140625)
(4088.9375, 2171.15625, 4307.9375, 2213.15625)
(1259.0, 1607.390625, 1379.0, 1693.390625)
(3808.125, 1918.390625, 4067.125, 2293.390625)
(366.5, 2962.15625, 1536.5, 2962.15625)
(1259.0, 508.0, 1522.0, 786.0)
(381.5, 253.0, 713.5, 287.0)
(381.5, 1171.390625, 936.5, 1171.390625)
(381.5, 1607.390625, 644.5, 1807.390625)
(-327.875, 2161.15625, -108.875, 2182.15625)
(776.28125, 0.0, 868.28125, 50.0)
(2304.65625, 1918.390625, 2453.65625, 2067.390625)
(1001.5, 994.375, 1194.5, 1011.375)
(1244.0, 508.0, 1536.0, 1164.0)
(2789.875, 2197.15625, 3008.875, 2214.15625)
(381.5, 2293.15625, 1521.5, 2293.15625)
(0.0, 0.0, 644.0, 22.0)
(381.5, 4711.15625, 1516.5, 4761.15625)
(966.5, 5314.140625, 1228.5, 5407.140625)
(501.5, 1607.390625, 644.5, 1782.390625)
(1296.5, 2555.15625, 1521.5, 2618.15625)
(392.5, 5277.140625, 539.5, 5294.140625)
(516.5, 1607.390625, 644.5, 1733.390625)
(771.5, 2774.15625, 780.5, 2785.15625)
(-300.0, 20.0, -20.0, 60.0)
(951.5, 4232.15625, 951.5, 4249.15625)
(971.1875, 2218.15625, 1190.1875, 2235.15625)
(3288.5, 2104.15625, 3548.5, 2293.15625)
(1259.0, 825.6875, 1522.0, 1143.6875)
(711.375, 2197.15625, 930.375, 2214.15625)
(516.5, 1608.390625, 628.5, 1731.390625)
(1462.859375, 479.0, 1476.859375, 493.0)
(1231.0, 2124.15625, 1450.0, 2141.15625)
(3124.0625, 2127.15625, 3194.0625, 2140.15625)
(275.78125, 2127.15625, 326.78125, 2140.15625)
(1259.0, 5654.875, 1522.0, 5693.875)
(0.0, 0.0, 7044.0, 44.0)
(1161.5, 2485.15625, 1521.5, 2942.15625)
(-348.875, 1918.390625, -89.875, 2293.390625)
(381.5, 4720.15625, 538.5, 4752.15625)
(1259.0, 1607.390625, 1522.0, 1697.390625)
(690.375, 1918.390625, 950.375, 2293.390625)
(-68.0625, 2161.15625, 150.9375, 2182.15625)
(794.0, 1607.390625, 937.0, 1803.390625)
(1258.5, 5116.8125, 1550.5, 5406.8125)
(382.5, 4761.15625, 1550.5, 5097.15625)
(1146.5, 2962.15625, 1521.5, 3022.15625)
(582.96875, 998.390625, 734.96875, 1020.390625)
(3630.578125, 2127.15625, 3727.578125, 2140.15625)
(1394.0, 1675.390625, 1505.0, 1697.390625)
(690.375, 2104.15625, 950.375, 2293.15625)
(427.5, 1034.390625, 890.5, 1078.390625)
(674.5, 5385.140625, 936.5, 5407.140625)
(-300.0, 972.0, -290.0, 996.0)
(1161.5, 1381.390625, 1521.5, 1411.390625)
(868.8125, 0.0, 1012.8125, 50.0)
(382.5, 880.390625, 935.5, 904.390625)
(-847.5, 2124.15625, -628.5, 2141.15625)
(2270.25, 2124.15625, 2489.25, 2258.15625)
(430.5625, 1918.390625, 690.5625, 2104.390625)
(-68.0625, 2197.15625, 150.9375, 2214.15625)
(3309.5, 2124.15625, 3528.5, 2241.15625)
(0.0, 0.0, 13.0, 22.0)
(1364.015625, 5654.875, 1382.015625, 5678.875)
(771.5, 1191.390625, 1131.5, 1489.390625)
(-68.0625, 2124.15625, 150.9375, 2241.15625)
(576.5, 5604.875, 1229.5, 5634.875)
(1530.265625, 2254.15625, 1670.265625, 2267.15625)
(2249.25, 2104.15625, 2509.25, 2293.15625)
(1101.5, 1675.390625, 1229.5, 1719.390625)
(0.0, 0.0, 113.0, 46.0)
(1296.5, 2899.15625, 1448.5, 2912.15625)
(0.0, 0.0, 263.0, 137.0)
(1149.5, 3042.15625, 1508.5, 3306.15625)
(366.5, 4711.15625, 1536.5, 4711.15625)
(966.5, 1607.390625, 1086.5, 1692.390625)
(381.5, 5711.703125, 546.5, 5777.703125)
(4088.9375, 2228.15625, 4307.9375, 2245.15625)
(1451.5, 1989.390625, 1495.5, 2033.390625)
(3548.3125, 2104.15625, 3808.3125, 2293.15625)
(0.0, 0.0, 360.0, 326.0)
(2792.78125, 2162.15625, 3005.78125, 2181.15625)
(-58.0, 20.0, -20.0, 60.0)
(1032.453125, 2127.15625, 1129.453125, 2140.15625)
(771.5, 3666.15625, 1131.5, 3777.15625)
(1161.5, 3666.15625, 1521.5, 4295.15625)
(516.5, 1742.390625, 641.5, 1777.390625)
(381.5, 2485.15625, 741.5, 2845.15625)
(1149.5, 3287.65625, 1210.5, 3300.65625)
(366.5, 4392.15625, 1536.5, 4711.15625)
(381.5, 253.0, 1521.5, 287.0)
(3829.125, 2161.15625, 4048.125, 2182.15625)
(2072.375, 2127.15625, 2167.375, 2140.15625)
(1296.5, 2671.15625, 1520.5, 2752.15625)
(1146.5, 2485.15625, 1536.5, 2962.15625)
(-808.046875, 2223.15625, -668.046875, 2236.15625)
(191.75, 2124.15625, 410.75, 2141.15625)
(1149.5, 3283.65625, 1508.5, 3305.65625)
(381.5, 4282.15625, 741.5, 4282.15625)
(381.5, 3666.15625, 741.5, 4026.15625)
(744.0, 3299.15625, 794.0, 3349.15625)
(2530.0625, 2124.15625, 2749.0625, 2141.15625)
(1161.5, 2333.15625, 1521.5, 2333.15625)
(366.5, 508.0, 1536.5, 508.0)
(381.5, 3984.15625, 741.5, 4282.15625)
(366.5, 5564.875, 1536.5, 5819.875)
(381.5, 1191.390625, 741.5, 1497.390625)
(1149.5, 3042.15625, 1508.5, 3042.15625)
(366.5, 2485.15625, 1536.5, 2485.15625)
(1294.0, 659.6875, 1348.0, 670.6875)
(1825.390625, 2127.15625, 1894.390625, 2140.15625)
(541.125, 427.0, 1332.125, 477.0)
(381.5, 3984.15625, 741.5, 4262.15625)
(1289.328125, 2127.15625, 1391.328125, 2140.15625)
(1989.4375, 2104.15625, 2249.4375, 2293.15625)
(771.5, 4074.15625, 891.5, 4194.15625)
(366.5, 1191.390625, 1536.5, 1537.390625)
(1522.3125, 2172.15625, 1677.3125, 2212.15625)
(401.5, 3626.15625, 1136.5, 3626.15625)
(-243.84375, 2127.15625, -192.84375, 2140.15625)
(771.5, 2485.15625, 1131.5, 2665.15625)
(1268.5, 5277.140625, 1410.5, 5294.140625)
(2270.25, 2124.15625, 2489.25, 2141.15625)
(4088.9375, 2124.15625, 4307.9375, 2151.15625)
(976.5, 5277.140625, 1123.5, 5294.140625)
(1161.5, 2555.15625, 1281.5, 2640.15625)
(3829.125, 2197.15625, 4048.125, 2214.15625)
(1294.0, 681.6875, 1480.0, 742.6875)
(0.0, 0.0, 1139.0, 695.0)
(966.5, 1165.375, 1229.5, 1165.375)
(1296.5, 2895.15625, 1448.5, 2917.15625)
(1191.5, 4275.15625, 1491.5, 4292.15625)
(1161.15625, 4761.15625, 1520.15625, 4940.15625)
(381.5, 4392.15625, 1131.5, 4624.15625)
(1259.0, 805.6875, 1522.0, 805.6875)
(392.5, 5277.140625, 534.5, 5294.140625)
(0.0, 0.0, 7708.0, 44.0)
(1289.296875, 5654.875, 1306.296875, 5676.875)
(582.96875, 1002.390625, 735.96875, 1015.390625)
(366.5, 4711.15625, 1536.5, 5525.15625)
(1161.5, 2942.15625, 1521.5, 2942.15625)
(2049.890625, 2223.15625, 2189.890625, 2236.15625)
(382.5, 4955.8125, 741.5, 5038.8125)
(966.5, 1607.390625, 1229.5, 1719.390625)
(771.5, 1489.390625, 1131.5, 1489.390625)
(1161.5, 1383.390625, 1392.5, 1409.390625)
(1101.5, 1680.390625, 1110.5, 1691.390625)
(0.0, 0.0, 7269.0, 44.0)
(1161.15625, 5049.8125, 1170.15625, 5060.8125)
(1326.015625, 5654.875, 1344.015625, 5678.875)
(558.7000122070312, 540.0, 1412.7000122070312, 1020.0)
(3831.9375, 2162.15625, 4044.9375, 2181.15625)
(381.5, 3964.15625, 741.5, 3964.15625)
(382.5, 5116.8125, 1550.5, 5431.8125)
(771.5, 1191.390625, 1131.5, 1402.390625)
(381.5, 4179.15625, 741.5, 4262.15625)
(-320.0, 952.0, 0.0, 1080.0)
(806.875, 5656.875, 875.875, 5683.875)
(771.5, 2680.15625, 1131.5, 2791.15625)
(2044.84375, 1918.390625, 2193.84375, 2067.390625)
(1258.5, 5314.140625, 1520.5, 5407.140625)
(0.0, 0.0, 555.0, 663.0)
(3049.6875, 2124.15625, 3268.6875, 2141.15625)
(1244.0, 5604.875, 1536.0, 5693.875)
(0.0, 0.0, 471.0, 22.0)
(0.0, 0.0, 1903.0, 51.0)
(-918.5, 1918.390625, 4381.5, 2293.390625)
(382.5, 5016.8125, 534.5, 5038.8125)
(1130.734375, 437.0, 1332.734375, 466.0)
(1149.5, 3042.15625, 1508.5, 3221.15625)
(381.5, 7.5, 681.5, 42.5)
(366.5, 1191.390625, 756.5, 1537.390625)
(381.5, 452.0, 381.5, 452.0)
(491.015625, 2223.15625, 631.015625, 2236.15625)
(1001.5, 998.375, 1112.5, 1009.375)
(711.375, 2124.15625, 930.375, 2141.15625)
(366.5, 1537.390625, 1536.5, 1537.390625)
(771.5, 2773.15625, 923.5, 2786.15625)
(1161.5, 4392.15625, 1521.5, 4671.15625)
(3309.5, 2124.15625, 3528.5, 2141.15625)
(-288.421875, 2240.15625, -148.421875, 2253.15625)
(381.5, 307.0, 1521.5, 407.0)
(1259.0, 1607.390625, 1379.0, 1692.390625)
(732.4375, 3585.15625, 752.4375, 3606.15625)
(1258.5, 5390.140625, 1267.5, 5401.140625)
(2270.25, 2236.15625, 2489.25, 2258.15625)
(1296.5, 2763.15625, 1448.5, 2776.15625)
(-300.0, 101.0, -20.0, 366.0)
(771.5, 4230.15625, 1131.5, 4352.15625)
(771.5, 1452.390625, 780.5, 1463.390625)
(401.5, 3564.15625, 1136.5, 3626.15625)
(674.5, 5385.140625, 826.5, 5407.140625)
(382.5, 5016.8125, 741.5, 5038.8125)
(1259.0, 825.6875, 1522.0, 1144.6875)
(381.5, 1386.390625, 741.5, 1497.390625)
(-327.875, 2124.15625, -108.875, 2141.15625)
(771.5, 3666.15625, 891.5, 3786.15625)
(3829.125, 2124.15625, 4048.125, 2241.15625)
(-300.0, 341.0, -20.0, 366.0)
(966.5, 5385.140625, 1228.5, 5407.140625)
(1161.5, 2670.15625, 1281.5, 2790.15625)
(382.5, 5096.8125, 1520.5, 5096.8125)
(-232.984375, 972.0, -214.984375, 996.0)
(1039.328125, 437.0, 1108.328125, 466.0)
(1259.0, 1607.390625, 1522.0, 1722.390625)
(1010.640625, 2244.15625, 1150.640625, 2257.15625)
(1149.5, 3048.15625, 1149.5, 3070.15625)
(1120.5, 2390.859375, 1120.5, 2407.859375)
(0.0, 478.0, 1903.0, 5565.0)
(1729.625, 1918.390625, 1989.625, 2104.390625)
(0.0, 250.0, 1903.0, 287.0)
(1294.0, 680.6875, 1487.0, 743.6875)
(1149.5, 3042.15625, 1518.5, 3042.15625)
(381.5, 508.0, 936.5, 1171.0)
(381.5, 0.0, 1322.5, 50.0)
(1001.5, 1113.375, 1010.5, 1124.375)
(392.5, 4913.8125, 468.5, 4930.8125)
(382.5, 5452.140625, 1520.5, 5482.140625)
(1259.0, 5604.875, 1522.0, 5634.875)
(1467.5, 251.5, 1487.5, 285.5)
(15.96875, 2127.15625, 66.96875, 2140.15625)
(-319.28125, 2162.15625, -118.28125, 2181.15625)
(381.5, 253.0, 489.5, 287.0)
(0.0, 250.0, 1903.0, 478.0)
(1296.5, 2900.15625, 1305.5, 2911.15625)
(366.5, 3666.15625, 756.5, 4302.15625)
(1001.5, 996.375, 1112.5, 1010.375)
(-348.875, 2104.15625, -88.875, 2293.15625)
(2509.0625, 1918.390625, 2769.0625, 2104.390625)
(1161.5, 2670.15625, 1281.5, 2756.15625)
(366.5, 2333.15625, 1146.5, 2485.15625)
(1296.5, 2895.15625, 1521.5, 2917.15625)
(2789.875, 2124.15625, 3008.875, 2141.15625)
(906.5, 3803.15625, 1105.5, 3884.15625)
(381.5, 1848.390625, 1521.5, 1888.390625)
(3868.578125, 2223.15625, 4008.578125, 2236.15625)
(951.5, 508.0, 1244.5, 1185.0)
(2768.875, 1918.390625, 3028.875, 2293.390625)
(3569.3125, 2240.15625, 3788.3125, 2262.15625)
(920.5, 733.6687622070312, 970.5, 783.6687622070312)
(381.5, 3666.15625, 741.5, 4282.15625)
(1146.5, 4392.15625, 1146.5, 4414.15625)
(366.5, 0.0, 1536.5, 50.0)
(2789.875, 2161.15625, 3008.875, 2182.15625)
(1233.8125, 2162.15625, 1446.8125, 2181.15625)
(1001.5, 1020.375, 1181.5, 1102.375)
(366.5, 2485.15625, 756.5, 2803.15625)
(191.75, 2161.15625, 410.75, 2182.15625)
(382.5, 5020.8125, 534.5, 5033.8125)
(1294.0, 975.375, 1340.0, 989.375)
(0.0, 5819.703125, 1903.0, 5819.703125)
(906.5, 3760.15625, 915.5, 3771.15625)
(1161.5, 2806.15625, 1521.5, 2917.15625)
(1294.0, 753.6875, 1303.0, 764.6875)
(381.5, 2485.15625, 741.5, 2763.15625)
(716.5, 0.0, 776.5, 50.0)
(3085.0, 2162.15625, 3234.0, 2181.15625)
(981.5, 984.375, 1214.5, 1145.375)
(966.5, 508.0, 1229.5, 1165.0)
(382.5, 5021.8125, 391.5, 5032.8125)
(3049.6875, 2124.15625, 3268.6875, 2241.15625)
(1191.5, 3688.15625, 1491.5, 4288.15625)
(3309.5, 2197.15625, 3528.5, 2214.15625)
(576.5, 5656.875, 657.5, 5683.875)
(1001.5, 680.6875, 1194.5, 764.6875)
(1161.15625, 4761.15625, 1550.15625, 5067.15625)
(711.375, 2124.15625, 930.375, 2241.15625)
(1785.15625, 2162.15625, 1934.15625, 2181.15625)
(1294.0, 1091.375, 1446.0, 1104.375)
(382.5, 5116.8125, 1520.5, 5501.8125)
(674.5, 5314.140625, 936.5, 5380.140625)
(697.3125, 427.0, 795.3125, 477.0)
(3028.6875, 2104.15625, 3288.6875, 2293.15625)
(-813.09375, 1918.390625, -664.09375, 2067.390625)
(3603.71875, 1918.390625, 3752.71875, 2067.390625)
(771.5, 3666.15625, 1131.5, 4352.15625)
(1409.484375, 251.5, 1521.484375, 288.5)
(381.5, 4240.15625, 533.5, 4262.15625)
(1840.34375, 1041.0, 1860.34375, 1071.0)
(-608.6875, 1918.390625, -348.6875, 2104.390625)
(4128.390625, 2254.15625, 4268.390625, 2267.15625)
(771.5, 3938.15625, 891.5, 4058.15625)
(-320.0, 81.0, 0.0, 401.0)
(381.5, 2962.15625, 1146.5, 3636.15625)
(1149.5, 3233.65625, 1504.5, 3280.65625)
(381.5, 5604.875, 546.5, 5777.875)
(771.5, 4074.15625, 1131.5, 4185.15625)
(1434.921875, 251.5, 1453.921875, 288.5)
(-320.0, 0.0, 0.0, 952.0)
(1409.484375, 251.5, 1420.484375, 288.5)
(684.5, 5277.140625, 831.5, 5294.140625)
(382.5, 4955.8125, 741.5, 5011.8125)
(1521.5, 357.0, 1521.5, 357.0)
(1490.8125, 2124.15625, 1709.8125, 2151.15625)
(0.0, 478.0, 1903.0, 478.0)
(741.6875, 2162.15625, 899.6875, 2181.15625)
(381.5, 3666.15625, 741.5, 3964.15625)
(771.828125, 4955.8125, 1130.828125, 5038.8125)
(906.5, 3938.15625, 1131.5, 4022.15625)
(1341.5, 4394.15625, 1341.5, 4411.15625)
(1989.4375, 1918.390625, 2249.4375, 2104.390625)
(-608.6875, 1918.390625, -348.6875, 2293.390625)
(2354.28125, 2127.15625, 2405.28125, 2140.15625)
(0.0, 427.0, 1903.0, 478.0)
(381.5, 3666.15625, 741.5, 3944.15625)
(1296.5, 2627.15625, 1448.5, 2640.15625)
(0.0, 0.0, 0.0, 22.0)
(4088.9375, 2124.15625, 4307.9375, 2150.15625)
(1149.5, 3220.9375, 1508.5, 3220.9375)
(1258.5, 5385.140625, 1520.5, 5407.140625)
(1394.0, 1680.390625, 1403.0, 1691.390625)
(1281.5, 2555.15625, 1521.5, 2645.15625)
(-300.0, 972.0, -290.0, 994.0)
(0.0, 0.0, 6144.0, 44.0)
(3829.125, 2124.15625, 4048.125, 2141.15625)
(2530.0625, 2219.15625, 2749.0625, 2241.15625)
(3089.140625, 2223.15625, 3229.140625, 2236.15625)
(1491.5, 4275.15625, 1491.5, 4292.15625)
(1259.0, 508.0, 1522.0, 1144.0)
(981.5, 645.6875, 1214.5, 806.6875)
(1161.5, 1191.390625, 1521.5, 1371.390625)
(756.5, 2335.15625, 756.5, 2352.15625)
(0.0, 0.0, 360.0, 387.0)
(1161.15625, 4761.15625, 1520.15625, 4941.15625)
(382.5, 5116.8125, 1520.5, 5431.8125)
(576.5, 5654.875, 875.5, 5676.875)
(401.5, 3022.15625, 1136.5, 3626.15625)
(427.5, 1034.390625, 890.5, 1100.390625)
(381.5, 4245.15625, 390.5, 4256.15625)
(1184.859375, 477.0, 1509.859375, 479.0)
(1296.5, 2759.15625, 1521.5, 2781.15625)
(0.0, 0.0, 6014.0, 44.0)
(1161.15625, 5048.8125, 1313.15625, 5061.8125)
(0.0, 0.0, 1903.0, 44.0)
(906.5, 3666.15625, 1131.5, 3750.15625)
(-587.6875, 2197.15625, -368.6875, 2214.15625)
(-608.6875, 2104.15625, -348.6875, 2293.15625)
(809.0, 1763.390625, 934.0, 1798.390625)
(-812.96875, 2162.15625, -663.96875, 2181.15625)
(382.5, 5314.140625, 644.5, 5407.140625)
(771.5, 3802.15625, 1131.5, 3913.15625)
(864.859375, 4711.15625, 1087.859375, 4761.15625)
(906.5, 3895.15625, 1058.5, 3908.15625)
(674.5, 5389.140625, 826.5, 5402.140625)
(382.5, 4761.15625, 741.5, 5120.15625)
(2768.875, 1918.390625, 3028.875, 2104.390625)
(966.5, 1607.390625, 1229.5, 1744.390625)
(1259.0, 508.0, 1522.0, 696.0)
(891.5, 3666.15625, 1131.5, 3777.15625)
(382.5, 4761.15625, 1520.5, 5097.15625)
(0.0, 0.0, 375.0, 270.0)
(1785.03125, 1918.390625, 1934.03125, 2067.390625)
(582.96875, 1003.390625, 591.96875, 1014.390625)
(382.5, 4957.8125, 730.5, 5009.8125)
(1469.8125, 1918.390625, 1729.8125, 2293.390625)
(1039.328125, 427.0, 1131.328125, 477.0)
(381.5, 287.0, 1521.5, 427.0)
(0.0, 0.0, 6986.0, 44.0)
(771.5, 2680.15625, 1131.5, 2764.15625)
(0.0, 0.0, 5905.0, 44.0)
(966.5, 846.6875, 1229.5, 1165.6875)
(-327.875, 2197.15625, -108.875, 2231.15625)
(771.828125, 4957.8125, 1125.828125, 5009.8125)
(366.5, 2333.15625, 1536.5, 2333.15625)
(972.140625, 2162.15625, 1189.140625, 2202.15625)
(1001.5, 1108.375, 1194.5, 1130.375)
(771.828125, 4761.15625, 1161.828125, 5039.15625)
(1322.875, 0.0, 1521.875, 50.0)
(4067.9375, 2104.15625, 4327.9375, 2293.15625)
(-293.46875, 1918.390625, -144.46875, 2067.390625)
(771.5, 3938.15625, 891.5, 4023.15625)
(771.5, 1388.390625, 1123.5, 1440.390625)
(-587.6875, 2219.15625, -368.6875, 2241.15625)
(781.828125, 4913.8125, 928.828125, 4930.8125)
(381.5, 2962.15625, 1146.5, 3022.15625)
(1501.5, 251.5, 1521.5, 285.5)
(1161.5, 2555.15625, 1521.5, 2645.15625)
(1790.078125, 2223.15625, 1930.078125, 2236.15625)
(-300.0, 101.0, -20.0, 126.0)
(966.5, 5116.8125, 1228.5, 5303.8125)
(1259.0, 5654.875, 1269.0, 5678.875)
(430.5625, 1918.390625, 690.5625, 2293.390625)
(0.0, 0.0, 6326.0, 44.0)
(2824.28125, 1918.390625, 2973.28125, 2067.390625)
(366.5, 2485.15625, 1536.5, 2962.15625)
(771.5, 1451.390625, 923.5, 1464.390625)
(1294.0, 1087.375, 1446.0, 1109.375)
(674.0, 1607.390625, 794.0, 1693.390625)
(1161.5, 2670.15625, 1281.5, 2755.15625)
(381.5, 508.0, 936.5, 1131.0)
(1265.40625, 1918.390625, 1414.40625, 2067.390625)
(780.796875, 5452.140625, 1122.796875, 5482.140625)
(697.3125, 437.0, 773.3125, 466.0)
(1379.0, 1607.390625, 1522.0, 1697.390625)
(1210.0, 2104.15625, 1470.0, 2293.15625)
(0.0, 0.0, 360.0, 298.0)
(1274.0, 645.6875, 1507.0, 785.6875)
(381.5, 1537.390625, 1521.5, 1577.390625)
(4088.9375, 2124.15625, 4307.9375, 2272.15625)
(1146.5, 2333.15625, 1536.5, 2334.15625)
(1296.5, 2623.15625, 1448.5, 2645.15625)
(381.5, 1607.390625, 501.5, 1693.390625)
(0.0, 0.0, 40.0, 28.0)
(382.5, 5389.140625, 534.5, 5402.140625)
(3343.90625, 1918.390625, 3492.90625, 2067.390625)
(4067.9375, 1918.390625, 4327.9375, 2104.390625)
(906.5, 4031.15625, 1058.5, 4044.15625)
(971.1875, 2124.15625, 1190.1875, 2141.15625)
(1161.5, 2806.15625, 1281.5, 2926.15625)
(-587.6875, 2161.15625, -368.6875, 2182.15625)
(2010.4375, 2197.15625, 2229.4375, 2214.15625)
(771.5, 2769.15625, 923.5, 2791.15625)
(382.5, 5390.140625, 391.5, 5401.140625)
(1001.5, 1108.375, 1153.5, 1130.375)
(1296.5, 2623.15625, 1521.5, 2645.15625)
(1281.5, 2806.15625, 1521.5, 2917.15625)
(1296.5, 2764.15625, 1305.5, 2775.15625)
(-28.609375, 2223.15625, 111.390625, 2236.15625)
(1434.921875, 251.5, 1453.921875, 285.5)
(1146.5, 3039.15625, 1521.5, 3045.15625)
(1332.859375, 427.0, 1361.859375, 477.0)
(-300.0, 1016.0, -20.0, 1060.0)
(0.0, 0.0, 6276.0, 44.0)
(-553.28125, 1918.390625, -404.28125, 2067.390625)
(1258.5, 5116.8125, 1520.5, 5378.8125)
(1327.300048828125, 529.2000122070312, 1363.300048828125, 565.2000122070312)
(966.5, 846.6875, 1229.5, 1145.6875)
(906.5, 4167.15625, 1058.5, 4180.15625)
(951.5, 1607.390625, 1244.5, 1764.390625)
(1322.875, 25.0, 1322.875, 25.0)
(366.5, 1607.390625, 659.5, 1827.390625)
(674.5, 5314.140625, 936.5, 5407.140625)
(502.6875, 253.0, 713.6875, 287.0)
(1281.5, 2670.15625, 1521.5, 2781.15625)
(1149.5, 3283.65625, 1210.5, 3305.65625)
(771.5, 4074.15625, 891.5, 4160.15625)
(643.984375, 4711.15625, 757.984375, 4761.15625)
(2530.0625, 2161.15625, 2749.0625, 2182.15625)
(366.5, 2344.453125, 366.5, 2344.453125)
(778.25, 4726.15625, 844.25, 4745.15625)
(771.5, 2769.15625, 1131.5, 2791.15625)
(1161.5, 2806.15625, 1281.5, 2892.15625)
(381.5, 4244.15625, 533.5, 4257.15625)
(771.828125, 5020.8125, 923.828125, 5033.8125)
(366.5, 4392.15625, 1146.5, 4661.15625)
(-320.0, 952.0, 0.0, 1006.0)
(1185.859375, 478.0, 1508.859375, 514.0)
(451.5625, 2124.15625, 670.5625, 2241.15625)
(525.9375, 2127.15625, 595.9375, 2140.15625)
(2768.875, 2104.15625, 3028.875, 2293.15625)
(771.5, 3666.15625, 891.5, 3751.15625)
(0.0, 0.0, 7527.0, 44.0)
(809.0, 1608.390625, 930.0, 1752.390625)
(451.5625, 2197.15625, 670.5625, 2214.15625)
(702.5, 0.0, 1317.5, 50.0)
(1270.453125, 2223.15625, 1410.453125, 2236.15625)
(1146.5, 3039.15625, 1521.5, 3039.15625)
(1490.8125, 2124.15625, 1709.8125, 2150.15625)
(674.5, 5116.8125, 966.5, 5406.8125)
(1149.5, 3042.15625, 1149.5, 3064.15625)
(541.125, 427.0, 606.125, 477.0)
(366.5, 1191.390625, 1536.5, 1191.390625)
(1161.5, 2485.15625, 1244.5, 2521.15625)
(1001.5, 657.6875, 1082.5, 671.6875)
(0.0, 0.0, 1139.0, 673.0)
(971.1875, 2240.15625, 1190.1875, 2262.15625)
(2249.25, 1918.390625, 2509.25, 2293.390625)
(643.984375, 4711.15625, 756.984375, 4761.15625)
(381.5, 1607.390625, 644.5, 1782.390625)
(971.1875, 2124.15625, 1190.1875, 2262.15625)
(3339.8125, 2162.15625, 3497.8125, 2181.15625)
(906.5, 3802.15625, 1131.5, 3886.15625)
(-68.0625, 2219.15625, 150.9375, 2241.15625)
(0.0, 508.0, 1903.0, 5525.0)
(781.5, 2638.15625, 923.5, 2655.15625)
(381.5, 253.0, 502.5, 287.0)
(1729.625, 2104.15625, 1989.625, 2293.15625)
(1001.5, 1112.375, 1153.5, 1125.375)
(2278.84375, 2162.15625, 2479.84375, 2181.15625)
(1409.484375, 251.5, 1420.484375, 285.5)
(3808.125, 1918.390625, 4068.125, 2293.390625)
(771.5, 1191.390625, 1131.5, 1469.390625)
(1525.21875, 1918.390625, 1674.21875, 2067.390625)
(0.0, 5564.875, 1903.0, 5819.875)
(-525.75, 2127.15625, -430.75, 2140.15625)
(1001.5, 655.6875, 1194.5, 672.6875)
(771.5, 3666.15625, 1131.5, 4210.15625)
(1146.5, 2962.15625, 1536.5, 3621.15625)
(1231.0, 2124.15625, 1450.0, 2241.15625)
(1161.5, 1191.390625, 1521.5, 1411.390625)
(3569.3125, 2124.15625, 3788.3125, 2262.15625)
(382.5, 5116.8125, 644.5, 5378.8125)
