(672.78125, 1330.9375, 1220.78125, 1861.9375)
(1389.984375, 1318.234375, 1396.984375, 1332.234375)
(1060.703125, 758.125, 1088.703125, 782.125)
(1341.609375, 1789.15625, 1535.609375, 1869.15625)
(1551.5, 688.0, 1671.5, 688.0)
(15.0, 6824.375, 1888.0, 6872.375)
(775.015625, 758.125, 949.015625, 782.125)
(136.25, 58.0, 229.25, 78.0)
(682.375, 1375.9375, 1220.375, 1566.9375)
(682.375, 3024.75, 1220.375, 3215.75)
(367.5, 1467.4375, 651.5, 1629.4375)
(25.0, 15.0, 49.0, 35.0)
(367.5, 2308.234375, 651.5, 2355.234375)
(1335.5625, 1894.15625, 1535.5625, 1973.15625)
(1597.734375, 12.0, 1902.734375, 38.0)
(707.375, 2066.9375, 757.375, 2081.9375)
(1266.609375, 1533.078125, 1525.609375, 1569.078125)
(1393.546875, 2413.234375, 1535.546875, 2458.234375)
(1157.53125, 639.125, 1530.53125, 753.125)
(164.765625, 6754.375, 265.765625, 6770.375)
(676.09375, 60.0, 772.09375, 75.0)
(367.5, 1034.359375, 651.5, 1098.359375)
(682.375, 1126.0625, 1220.375, 1153.0625)
(382.5, 1285.078125, 641.5, 1321.078125)
(682.375, 5619.5625, 1220.375, 5646.5625)
(367.5, 2038.515625, 651.5, 2114.515625)
(382.5, 2308.234375, 641.5, 2344.234375)
(682.375, 845.0, 1220.375, 1036.0)
(1580.59375, 6752.375, 1737.59375, 6771.375)
(1251.609375, 3157.3125, 1535.609375, 3222.3125)
(15.0, 6735.375, 1888.0, 6789.375)
(1403.546875, 2288.234375, 1546.546875, 2313.234375)
(382.5, 704.125, 735.5, 748.125)
(1251.609375, 1770.15625, 1534.609375, 1869.15625)
(668.1875, 758.125, 696.1875, 782.125)
(397.5, 675.125, 491.5, 690.125)
(367.5, 656.125, 750.5, 800.125)
(242.078125, 60.0, 345.078125, 75.0)
(382.5, 703.125, 725.5, 749.125)
(944.234375, 5618.109375, 966.234375, 5645.109375)
(861.6875, 2221.9375, 925.6875, 2235.9375)
(0.0, 85.0, 1903.0, 85.0)
(682.375, 3922.75, 1220.375, 3949.75)
(682.375, 3024.75, 1220.375, 3566.75)
(1251.609375, 1998.15625, 1331.609375, 2078.15625)
(682.375, 6075.5, 1220.375, 6165.5)
(1333.796875, 2779.3125, 1535.796875, 2779.3125)
(1142.9375, 350.0, 1535.9375, 805.0)
(1060.703125, 756.671875, 1082.703125, 783.671875)
(232.078125, 58.0, 355.078125, 78.0)
(944.234375, 1126.0625, 973.234375, 1150.0625)
(1251.609375, 2869.3125, 1535.609375, 2952.3125)
(357.90625, 350.0, 750.90625, 805.0)
(682.375, 3378.6875, 1220.375, 3534.6875)
(1138.0, 58.0, 1333.0, 78.0)
(682.375, 3965.625, 1220.375, 4121.625)
(692.375, 6025.5, 776.375, 6048.5)
(666.375, 820.0, 1236.375, 6476.0)
(682.375, 2315.8125, 1200.375, 2360.8125)
(1251.609375, 1662.15625, 1331.609375, 1745.15625)
(377.5, 990.359375, 641.5, 990.359375)
(478.328125, 1595.859375, 500.328125, 1622.859375)
(990.0625, 5066.625, 996.0625, 5080.625)
(547.625, 1043.359375, 617.625, 1057.359375)
(775.015625, 703.125, 1108.015625, 749.125)
(692.375, 2062.9375, 772.375, 2085.9375)
(1236.609375, 2220.15625, 1536.609375, 2220.15625)
(682.375, 2406.8125, 1220.375, 2422.8125)
(682.375, 4987.625, 1220.375, 5047.625)
(1251.609375, 1093.0, 1535.609375, 1624.0)
(682.375, 2751.453125, 696.375, 2769.453125)
(951.5, 6543.375, 979.5, 6543.375)
(382.5, 1171.078125, 641.5, 1207.078125)
(692.375, 3767.75, 756.375, 3790.75)
(377.5, 2048.515625, 641.5, 2048.515625)
(1745.390625, 10.0, 1780.390625, 39.0)
(1346.84375, 758.125, 1431.84375, 782.125)
(682.375, 4198.625, 1220.375, 4736.625)
(682.375, 1657.0, 1220.375, 1684.0)
(1261.609375, 2599.734375, 1338.609375, 2631.734375)
(1261.609375, 2558.234375, 1393.609375, 2583.234375)
(1368.8125, 2977.3125, 1535.8125, 2977.3125)
(966.234375, 2752.875, 973.234375, 2766.875)
(1182.53125, 653.125, 1215.53125, 668.125)
(682.375, 2260.8125, 1220.375, 2390.8125)
(382.5, 1645.15625, 641.5, 1681.15625)
(682.375, 2748.875, 856.375, 2772.875)
(0.0, 0.0, 0.0, 0.0)
(707.375, 4358.6875, 808.375, 4373.6875)
(399.5, 1070.234375, 406.5, 1084.234375)
(682.375, 3611.6875, 1220.375, 4153.6875)
(367.5, 1922.15625, 505.5, 1949.15625)
(1335.5625, 1894.15625, 1535.5625, 1908.15625)
(1236.609375, 820.0, 1536.609375, 1073.0)
(682.375, 3338.390625, 696.375, 3356.390625)
(367.5, 1702.15625, 651.5, 1767.15625)
(367.5, 1171.078125, 651.5, 1218.078125)
(966.234375, 3926.75, 973.234375, 3940.75)
(861.6875, 1130.0625, 925.6875, 1144.0625)
(1251.609375, 2977.3125, 1358.609375, 3009.3125)
(672.78125, 845.0, 1220.78125, 1331.0)
(786.640625, 5717.4375, 885.640625, 5736.4375)
(692.375, 5494.5625, 811.375, 5517.5625)
(682.375, 1121.0625, 1220.375, 1153.0625)
(861.6875, 4479.6875, 946.6875, 4503.6875)
(352.5, 820.0, 666.5, 6476.0)
(682.375, 3813.75, 1213.375, 3910.75)
(478.328125, 1597.3125, 507.328125, 1620.3125)
(377.5, 1476.4375, 630.5, 1566.4375)
(1707.390625, 9.0, 1742.390625, 39.0)
(944.234375, 2747.421875, 966.234375, 2774.421875)
(682.375, 3917.75, 1220.375, 3949.75)
(1251.609375, 1894.15625, 1325.609375, 1973.15625)
(995.46875, 5134.5, 1167.46875, 5153.5)
(1357.1875, 2518.734375, 1392.1875, 2532.734375)
(692.375, 2623.875, 747.375, 2646.875)
(1251.609375, 2106.15625, 1535.609375, 2185.15625)
(682.375, 1314.9375, 1220.375, 1330.9375)
(916.234375, 6754.375, 1011.234375, 6770.375)
(790.015625, 675.125, 870.015625, 690.125)
(682.375, 4137.625, 1220.375, 4153.625)
(1580.59375, 6754.375, 1738.59375, 6770.375)
(377.5, 1477.4375, 641.5, 1477.4375)
(1251.609375, 1093.0, 1535.609375, 1116.0)
(1261.609375, 2329.734375, 1353.609375, 2361.734375)
(926.484375, 6411.375, 976.484375, 6461.375)
(382.5, 758.125, 556.5, 782.125)
(775.015625, 758.125, 1128.015625, 785.125)
(1167.53125, 758.125, 1520.53125, 785.125)
(987.453125, 60.0, 1125.453125, 75.0)
(1251.609375, 2738.234375, 1412.609375, 2765.234375)
(0.0, 0.0, 1903.0, 48.0)
(878.375, 58.0, 974.375, 78.0)
(231.5, 85.0, 351.5, 6476.0)
(682.375, 2263.8125, 730.375, 2282.8125)
(1167.53125, 649.125, 1230.53125, 672.125)
(682.375, 1168.9375, 1220.375, 1298.9375)
(692.375, 6025.5, 773.375, 6048.5)
(1261.609375, 2288.234375, 1393.609375, 2313.234375)
(1251.609375, 2779.3125, 1323.609375, 2827.3125)
(682.375, 2217.9375, 1220.375, 2244.9375)
(1251.609375, 1998.15625, 1534.609375, 2081.15625)
(692.375, 5494.5625, 808.375, 5517.5625)
(377.5, 1597.3125, 473.5, 1620.3125)
(1261.609375, 2374.734375, 1336.609375, 2406.734375)
(672.78125, 5824.4375, 1220.78125, 6411.4375)
(682.375, 845.0, 1220.375, 1045.0)
(682.375, 3226.8125, 1215.375, 3323.8125)
(1261.609375, 2333.234375, 1393.609375, 2358.234375)
(0.0, 0.0, 350.0, 1080.0)
(1251.609375, 1184.359375, 1535.609375, 1346.359375)
(1393.546875, 2323.234375, 1535.546875, 2368.234375)
(1403.546875, 2333.234375, 1503.546875, 2358.234375)
(1341.609375, 1681.15625, 1535.609375, 1741.15625)
(305.390625, 6754.375, 410.390625, 6770.375)
(367.5, 1285.078125, 651.5, 1331.078125)
(682.375, 2212.9375, 1220.375, 2244.9375)
(916.234375, 6752.375, 1011.234375, 6771.375)
(367.5, 2251.234375, 651.5, 2298.234375)
(1393.546875, 2638.234375, 1535.546875, 2683.234375)
(1669.390625, 33.0, 1704.390625, 33.0)
(682.375, 5662.4375, 1220.375, 5792.4375)
(1831.0, 1008.0, 1887.0, 1064.0)
(1251.609375, 1894.15625, 1534.609375, 1973.15625)
(682.375, 1375.9375, 1220.375, 1575.9375)
(1251.609375, 2278.234375, 1393.609375, 2323.234375)
(0.0, 60.0, 1903.0, 75.0)
(682.375, 6393.375, 755.375, 6412.375)
(475.75, 5.0, 1427.75, 45.0)
(1251.609375, 2741.234375, 1535.609375, 2764.234375)
(682.375, 2217.9375, 856.375, 2241.9375)
(372.5, 661.125, 745.5, 753.125)
(1497.375, 2421.734375, 1550.375, 2449.734375)
(1363.90625, 3157.3125, 1535.90625, 3222.3125)
(692.375, 3767.75, 759.375, 3790.75)
(1346.84375, 762.125, 1417.84375, 776.125)
(682.375, 3994.625, 783.375, 4013.625)
(682.375, 4720.5625, 1220.375, 4736.5625)
(367.5, 845.0, 651.5, 2456.0)
(1497.796875, 2293.734375, 1546.796875, 2307.734375)
(966.234375, 1130.0625, 973.234375, 1144.0625)
(377.5, 989.359375, 634.5, 1035.359375)
(514.78125, 60.0, 652.78125, 75.0)
(1403.546875, 2337.734375, 1462.546875, 2353.734375)
(512.34375, 2144.9375, 534.34375, 2171.9375)
(1251.609375, 1419.078125, 1535.609375, 1466.078125)
(1251.609375, 2106.15625, 1317.609375, 2185.15625)
(668.1875, 756.671875, 690.1875, 783.671875)
(775.015625, 704.125, 1128.015625, 748.125)
(357.90625, 350.0, 1535.90625, 805.0)
(707.375, 3184.8125, 789.375, 3199.8125)
(1261.609375, 1194.359375, 1525.609375, 1282.359375)
(1489.390625, 2511.734375, 1535.390625, 2539.734375)
(1251.609375, 1282.359375, 1535.609375, 1346.359375)
(1251.609375, 1533.078125, 1535.609375, 1579.078125)
(1497.375, 2421.734375, 1551.375, 2449.734375)
(973.046875, 3339.8125, 979.046875, 3353.8125)
(682.375, 1845.875, 1220.375, 1861.875)
(377.5, 1039.359375, 641.5, 1093.359375)
(377.5, 1573.015625, 391.5, 1591.015625)
(120.9375, 0.0, 799.9375, 50.0)
(1341.609375, 1770.15625, 1535.609375, 1869.15625)
(682.375, 1582.0, 1220.375, 1642.0)
(707.375, 2627.875, 729.375, 2642.875)
(1346.421875, 2376.734375, 1392.421875, 2404.734375)
(1251.609375, 2240.15625, 1535.609375, 2263.15625)
(773.03125, 1223.9375, 905.03125, 1242.9375)
(682.375, 3230.8125, 1220.375, 3320.8125)
(1251.609375, 1894.15625, 1325.609375, 1942.15625)
(682.375, 3550.6875, 1220.375, 3566.6875)
(1333.796875, 2779.3125, 1535.796875, 2844.3125)
(1403.546875, 2284.734375, 1487.546875, 2316.734375)
(367.5, 1467.4375, 651.5, 1565.4375)
(1236.609375, 820.0, 1550.609375, 6476.0)
(947.296875, 3511.6875, 1039.296875, 3530.6875)
(0.0, 50.0, 1903.0, 85.0)
(0.0, 0.0, 1372.0, 16.0)
(1341.609375, 2017.15625, 1535.609375, 2077.15625)
(925.703125, 6574.375, 976.703125, 6593.375)
(367.5, 2038.515625, 651.5, 2178.515625)
(1251.609375, 2977.3125, 1358.609375, 3022.3125)
(1148.0, 60.0, 1323.0, 75.0)
(1261.609375, 1287.359375, 1525.609375, 1341.359375)
(1341.609375, 1662.15625, 1535.609375, 1745.15625)
(1707.390625, 10.0, 1742.390625, 39.0)
(682.375, 2467.8125, 1220.375, 2979.8125)
(682.375, 6395.375, 1220.375, 6411.375)
(367.5, 883.078125, 651.5, 1098.078125)
(1261.609375, 1193.359375, 1522.609375, 1283.359375)
(682.375, 3817.75, 1220.375, 3907.75)
(367.5, 2365.234375, 651.5, 2411.234375)
(1251.609375, 2278.234375, 1535.609375, 2683.234375)
(682.375, 2748.875, 1220.375, 2775.875)
(682.375, 2467.8125, 1220.375, 2658.8125)
(1831.0, 988.0, 1887.0, 1064.0)
(732.28125, 6754.375, 881.28125, 6770.375)
(1575.59375, 6754.375, 1742.59375, 6770.375)
(352.5, 820.0, 1550.5, 6476.0)
(382.5, 671.125, 506.5, 694.125)
(0.0, 0.0, 1903.0, 1080.0)
(367.5, 1963.234375, 651.5, 2178.234375)
(682.375, 5338.5, 1220.375, 5824.5)
(1378.921875, 2414.734375, 1392.921875, 2456.734375)
(895.5, 6543.375, 923.5, 6543.375)
(951.5, 6524.375, 979.5, 6548.375)
(377.5, 1041.9375, 391.5, 1059.9375)
(1403.546875, 2411.734375, 1487.546875, 2459.734375)
(450.546875, 6752.375, 561.546875, 6771.375)
(1349.796875, 2563.734375, 1392.796875, 2577.734375)
(1355.640625, 6752.375, 1540.640625, 6771.375)
(1368.8125, 2977.3125, 1535.8125, 3022.3125)
(1251.609375, 3157.3125, 1353.609375, 3222.3125)
(382.5, 760.703125, 396.5, 778.703125)
(682.375, 3335.8125, 1220.375, 3362.8125)
(682.375, 1906.875, 1220.375, 2097.875)
(692.375, 1001.0625, 819.375, 1024.0625)
(973.046875, 4483.6875, 979.046875, 4497.6875)
(672.78125, 5293.5, 1220.78125, 5823.5)
(682.375, 2108.9375, 1115.375, 2205.9375)
(1051.328125, 6754.375, 1192.328125, 6770.375)
(1251.609375, 2869.3125, 1534.609375, 2952.3125)
(597.140625, 6754.375, 702.140625, 6770.375)
(367.5, 1645.15625, 651.5, 1692.15625)
(682.375, 4474.6875, 1220.375, 4506.6875)
(682.375, 3968.625, 727.375, 3987.625)
(988.796875, 6827.375, 988.796875, 6842.375)
(1251.609375, 2368.234375, 1393.609375, 2413.234375)
(602.140625, 6752.375, 697.140625, 6771.375)
(682.375, 5806.4375, 755.375, 5825.4375)
(15.0, 6576.375, 1888.0, 6592.375)
(1251.609375, 3157.3125, 1534.609375, 3222.3125)
(1327.640625, 2125.15625, 1535.640625, 2185.15625)
(561.8125, 762.125, 649.8125, 776.125)
(367.5, 1925.15625, 651.5, 2456.15625)
(682.375, 4781.5625, 1220.375, 5293.5625)
(682.375, 4983.625, 1157.375, 5050.625)
(1251.609375, 1621.078125, 1471.609375, 1648.078125)
(682.375, 3922.75, 856.375, 3946.75)
(1350.640625, 6754.375, 1545.640625, 6770.375)
(682.375, 5619.5625, 856.375, 5643.5625)
(682.375, 6180.5, 856.375, 6204.5)
(682.375, 4198.625, 1220.375, 4389.625)
(682.375, 5743.4375, 1215.375, 5788.4375)
(377.5, 1601.3125, 459.5, 1615.3125)
(1707.390625, 33.0, 1742.390625, 33.0)
(367.5, 845.0, 651.5, 6476.0)
(0.0, 0.0, 304.0, 154.0)
(771.390625, 1275.9375, 924.390625, 1294.9375)
(1157.53125, 753.125, 1530.53125, 795.125)
(1261.609375, 2419.734375, 1368.609375, 2451.734375)
(1348.40625, 2608.734375, 1392.40625, 2622.734375)
(944.234375, 3922.75, 973.234375, 3946.75)
(1167.53125, 682.125, 1520.53125, 748.125)
(666.09375, 58.0, 782.09375, 78.0)
(737.28125, 6754.375, 876.28125, 6770.375)
(1472.578125, 2338.734375, 1503.578125, 2352.734375)
(1167.53125, 758.125, 1341.53125, 782.125)
(466.5, 85.0, 1436.5, 335.0)
(382.5, 2251.234375, 641.5, 2287.234375)
(682.375, 5808.4375, 1220.375, 5824.4375)
(231.5, 688.0, 351.5, 688.0)
(377.5, 2119.515625, 551.5, 2143.515625)
(1261.609375, 1318.234375, 1348.609375, 1332.234375)
(914.1875, 6824.375, 960.1875, 6846.375)
(382.5, 671.125, 735.5, 704.125)
(682.375, 5338.5, 1220.375, 5529.5)
(382.5, 1816.15625, 641.5, 1870.15625)
(1341.609375, 1770.15625, 1535.609375, 1784.15625)
(1551.5, 85.0, 1671.5, 6476.0)
(1251.609375, 2106.15625, 1317.609375, 2170.15625)
(1251.609375, 2106.15625, 1534.609375, 2185.15625)
(0.0, 0.0, 1903.0, 100.0)
(377.5, 2146.390625, 507.5, 2169.390625)
(1251.609375, 1624.078125, 1535.609375, 2220.078125)
(755.65625, 2872.75, 995.65625, 2891.75)
(351.5, 85.0, 1551.5, 335.0)
(1227.234375, 6754.375, 1321.234375, 6770.375)
(973.046875, 1661.0, 979.046875, 1675.0)
(1487.875, 2594.734375, 1535.875, 2636.734375)
(682.375, 6071.5, 1124.375, 6168.5)
(1251.609375, 2548.234375, 1393.609375, 2593.234375)
(692.375, 1532.0, 773.375, 1555.0)
(367.5, 1414.15625, 383.5, 1430.15625)
(1669.390625, 9.0, 1704.390625, 39.0)
(682.375, 4135.625, 755.375, 4154.625)
(1051.328125, 6752.375, 1192.328125, 6771.375)
(692.375, 2062.9375, 775.375, 2085.9375)
(951.046875, 4479.6875, 979.046875, 4503.6875)
(377.5, 990.359375, 641.5, 1034.359375)
(861.6875, 3335.8125, 946.6875, 3359.8125)
(707.375, 6029.5, 758.375, 6044.5)
(1551.5, 85.0, 1671.5, 685.0)
(1082.703125, 762.125, 1088.703125, 776.125)
(765.015625, 661.125, 1138.015625, 753.125)
(1403.546875, 2423.234375, 1550.546875, 2448.234375)
(923.5, 6524.375, 951.5, 6548.375)
(377.5, 2048.515625, 641.5, 2114.515625)
(885.296875, 5.0, 1017.296875, 45.0)
(377.5, 1064.78125, 399.5, 1091.78125)
(1251.609375, 1090.0, 1427.609375, 1117.0)
(1333.796875, 2784.3125, 1535.796875, 2844.3125)
(0.0, 0.0, 1903.0, 32.0)
(794.96875, 60.0, 864.96875, 75.0)
(1490.765625, 2653.734375, 1535.765625, 2667.734375)
(707.375, 4941.625, 776.375, 4956.625)
(1399.90625, 3047.3125, 1535.90625, 3047.3125)
(0.0, 0.0, 300.0, 150.0)
(682.375, 2112.9375, 1220.375, 2202.9375)
(1251.609375, 2869.3125, 1331.609375, 2949.3125)
(936.234375, 6252.375, 1120.234375, 6271.375)
(682.375, 3548.6875, 755.375, 3567.6875)
(925.703125, 6576.375, 976.703125, 6592.375)
(367.5, 1963.234375, 383.5, 1979.234375)
(361.09375, 335.0, 1551.09375, 6476.0)
(682.375, 3611.6875, 1220.375, 3802.6875)
(1436.203125, 756.671875, 1458.203125, 783.671875)
(377.5, 2047.515625, 627.5, 2115.515625)
(1251.609375, 820.0, 1535.609375, 6476.0)
(1251.609375, 1770.15625, 1331.609375, 1869.15625)
(1783.390625, 9.0, 1818.390625, 39.0)
(1266.609375, 1419.078125, 1525.609375, 1455.078125)
(787.484375, 2341.8125, 909.484375, 2360.8125)
(682.375, 2220.515625, 696.375, 2238.515625)
(382.5, 1702.15625, 641.5, 1756.15625)
(1251.609375, 1894.15625, 1535.609375, 1973.15625)
(1851.390625, 9.5, 1878.390625, 39.5)
(0.0, 50.0, 1903.0, 6918.0)
(1251.609375, 3157.3125, 1353.609375, 3205.3125)
(1783.390625, 33.0, 1818.390625, 33.0)
(682.375, 4400.6875, 1200.375, 4467.6875)
(1436.203125, 758.125, 1464.203125, 782.125)
(760.015625, 350.0, 1143.015625, 800.0)
(944.234375, 2216.484375, 966.234375, 2243.484375)
(1341.609375, 1998.15625, 1535.609375, 2081.15625)
(561.8125, 758.125, 663.8125, 782.125)
(968.0625, 5062.625, 996.0625, 5086.625)
(1266.609375, 1476.078125, 1525.609375, 1512.078125)
(1251.609375, 1662.15625, 1331.609375, 1742.15625)
(367.5, 1373.078125, 573.5, 1400.078125)
(923.5, 6543.375, 951.5, 6543.375)
(362.09375, 335.0, 1550.09375, 6476.0)
(682.375, 1652.0, 1220.375, 1684.0)
(951.046875, 1657.0, 979.046875, 1681.0)
(682.375, 5869.4375, 1220.375, 6411.4375)
(1261.609375, 2509.734375, 1347.609375, 2541.734375)
(367.5, 2194.234375, 651.5, 2411.234375)
(1403.546875, 2648.234375, 1535.546875, 2673.234375)
(692.375, 4354.6875, 826.375, 4377.6875)
(1236.609375, 3242.3125, 1536.609375, 3242.3125)
(1363.90625, 3157.3125, 1535.90625, 3157.3125)
(1403.546875, 2558.234375, 1599.546875, 2583.234375)
(1341.609375, 2874.3125, 1527.609375, 2894.3125)
(358.40625, 58.0, 502.40625, 78.0)
(1363.734375, 2338.734375, 1392.734375, 2352.734375)
(966.234375, 5623.5625, 973.234375, 5637.5625)
(682.375, 3925.328125, 696.375, 3943.328125)
(951.046875, 3334.359375, 973.046875, 3361.359375)
(1358.109375, 2293.734375, 1392.109375, 2307.734375)
(1251.609375, 2977.3125, 1535.609375, 3022.3125)
(828.296875, 2898.75, 915.296875, 2917.75)
(1261.609375, 1314.234375, 1362.609375, 1337.234375)
(682.375, 1128.640625, 696.375, 1146.640625)
(382.5, 2365.234375, 641.5, 2401.234375)
(1525.6875, 2369.734375, 1599.6875, 2411.734375)
(1251.609375, 3047.3125, 1389.609375, 3132.3125)
(775.015625, 760.703125, 789.015625, 778.703125)
(367.5, 350.0, 750.5, 800.0)
(682.375, 2673.875, 1220.375, 2733.875)
(682.375, 4479.6875, 856.375, 4503.6875)
(367.5, 1228.078125, 651.5, 1275.078125)
(1458.203125, 762.125, 1464.203125, 776.125)
(1251.609375, 2323.234375, 1393.609375, 2368.234375)
(911.234375, 6754.375, 1016.234375, 6770.375)
(861.6875, 6180.5, 946.6875, 6204.5)
(146.25, 60.0, 219.25, 75.0)
(682.375, 1659.578125, 696.375, 1677.578125)
(682.375, 1906.875, 1220.375, 2422.875)
(377.5, 1477.4375, 641.5, 1565.4375)
(475.75, 5.0, 1426.75, 45.0)
(760.015625, 656.125, 1143.015625, 800.125)
(1745.390625, 10.0, 1780.390625, 40.0)
(382.5, 1777.15625, 641.5, 1795.15625)
(367.5, 980.359375, 651.5, 1098.359375)
(1028.1875, 5108.5, 1176.1875, 5127.5)
(450.546875, 6754.375, 562.546875, 6770.375)
(1167.53125, 681.125, 1506.53125, 749.125)
(973.046875, 6184.5, 979.046875, 6198.5)
(58.0, 18.0, 96.0, 33.0)
(1251.609375, 1998.15625, 1535.609375, 2081.15625)
(672.78125, 845.0, 1220.78125, 6411.0)
(1393.546875, 2368.234375, 1535.546875, 2413.234375)
(1167.53125, 760.703125, 1181.53125, 778.703125)
(682.375, 5338.5, 1220.375, 5538.5)
(951.046875, 4478.234375, 973.046875, 4505.234375)
(1669.390625, 10.0, 1704.390625, 39.0)
(1251.609375, 2638.234375, 1393.609375, 2683.234375)
(692.375, 4354.6875, 823.375, 4377.6875)
(1403.546875, 2509.734375, 1479.546875, 2541.734375)
(1399.90625, 3052.3125, 1535.90625, 3132.3125)
(861.6875, 5066.625, 949.6875, 5080.625)
(1551.5, 85.0, 1671.5, 688.0)
(746.5, 6617.375, 1156.5, 6705.375)
(1393.546875, 2593.234375, 1535.546875, 2638.234375)
(682.375, 5057.625, 1220.375, 5089.625)
(367.5, 2194.234375, 651.5, 2241.234375)
(1049.640625, 0.0, 1597.640625, 50.0)
(861.6875, 3922.75, 939.6875, 3946.75)
(512.34375, 2146.390625, 541.34375, 2169.390625)
(895.5, 6524.375, 923.5, 6548.375)
(1251.609375, 1662.15625, 1535.609375, 1745.15625)
(1261.609375, 2464.734375, 1342.609375, 2496.734375)
(1251.609375, 2779.3125, 1535.609375, 2844.3125)
(1345.90625, 2646.734375, 1392.90625, 2674.734375)
(1152.53125, 634.125, 1535.53125, 800.125)
(682.375, 2961.75, 755.375, 2980.75)
(1251.609375, 1770.15625, 1535.609375, 1869.15625)
(1261.609375, 1194.359375, 1525.609375, 1194.359375)
(1251.609375, 1476.078125, 1535.609375, 1523.078125)
(682.375, 1843.875, 755.375, 1862.875)
(1251.609375, 820.0, 1535.609375, 3242.0)
(1403.546875, 2603.234375, 1535.546875, 2628.234375)
(377.5, 1066.234375, 406.5, 1089.234375)
(1236.609375, 1073.0, 1536.609375, 1073.0)
(954.328125, 762.125, 1042.328125, 776.125)
(682.375, 5277.5, 1220.375, 5293.5)
(1251.609375, 2869.3125, 1331.609375, 2952.3125)
(861.6875, 6184.5, 932.6875, 6198.5)
(1251.609375, 2779.3125, 1323.609375, 2844.3125)
(0.0, 0.0, 770.0, 16.0)
(1403.546875, 2644.734375, 1480.546875, 2676.734375)
(682.375, 4522.5625, 1220.375, 4704.5625)
(1251.609375, 2503.234375, 1393.609375, 2548.234375)
(300.390625, 6754.375, 416.390625, 6770.375)
(1327.640625, 2106.15625, 1535.640625, 2185.15625)
(682.375, 4404.6875, 1220.375, 4464.6875)
(1251.609375, 2741.234375, 1535.609375, 3242.234375)
(1403.546875, 2554.734375, 1518.546875, 2586.734375)
(1393.546875, 2458.234375, 1535.546875, 2503.234375)
(682.375, 5062.625, 856.375, 5086.625)
(1783.390625, 10.0, 1818.390625, 39.0)
(682.375, 1375.9375, 1220.375, 1861.9375)
(1251.609375, 3242.3125, 1535.609375, 3262.3125)
(1861.390625, 12.5, 1887.390625, 37.5)
(1403.546875, 2583.734375, 1477.546875, 2647.734375)
(367.5, 1114.078125, 651.5, 1161.078125)
(692.375, 3180.8125, 807.375, 3203.8125)
(367.5, 1114.078125, 651.5, 1331.078125)
(944.234375, 5619.5625, 973.234375, 5643.5625)
(1251.609375, 1131.078125, 1535.609375, 1346.078125)
(672.78125, 4153.625, 1220.78125, 4736.625)
(1367.984375, 1314.234375, 1396.984375, 1337.234375)
(861.6875, 1126.0625, 939.6875, 1150.0625)
(707.375, 1536.0, 758.375, 1551.0)
(1251.609375, 1362.078125, 1535.609375, 1579.078125)
(672.78125, 3566.6875, 1220.78125, 4153.6875)
(951.046875, 3335.8125, 979.046875, 3359.8125)
(692.375, 4937.625, 794.375, 4960.625)
(1261.609375, 1289.9375, 1275.609375, 1307.9375)
(966.234375, 2221.9375, 973.234375, 2235.9375)
(861.6875, 1657.0, 946.6875, 1681.0)
(382.5, 1228.078125, 641.5, 1264.078125)
(367.5, 1376.078125, 651.5, 1399.078125)
(1403.546875, 2513.234375, 1535.546875, 2538.234375)
(682.375, 4781.5625, 1220.375, 4972.5625)
(445.546875, 6754.375, 566.546875, 6770.375)
(1251.609375, 2413.234375, 1393.609375, 2458.234375)
(1393.546875, 2548.234375, 1535.546875, 2593.234375)
(944.234375, 3921.296875, 966.234375, 3948.296875)
(351.5, 335.0, 1551.5, 6476.0)
(682.375, 4629.5625, 1176.375, 4674.5625)
(377.5, 1039.359375, 542.5, 1063.359375)
(305.390625, 6752.375, 411.390625, 6771.375)
(352.5, 335.0, 1550.5, 820.0)
(682.375, 2669.875, 1205.375, 2736.875)
(682.375, 6175.5, 1220.375, 6207.5)
(1367.984375, 1312.78125, 1389.984375, 1339.78125)
(682.375, 6223.375, 1220.375, 6379.375)
(692.375, 1001.0625, 816.375, 1024.0625)
(861.6875, 5619.5625, 939.6875, 5643.5625)
(682.375, 5062.625, 1220.375, 5089.625)
(1669.390625, 12.0, 1821.390625, 38.0)
(1251.609375, 3047.3125, 1389.609375, 3111.3125)
(682.375, 5544.5625, 1220.375, 5604.5625)
(231.5, 85.0, 351.5, 685.0)
(1251.609375, 3047.3125, 1535.609375, 3132.3125)
(0.0, 6476.375, 1903.0, 6918.375)
(750.421875, 350.0, 1142.421875, 805.0)
(707.375, 1005.0625, 801.375, 1020.0625)
(1341.609375, 2869.3125, 1527.609375, 2952.3125)
(1355.640625, 6754.375, 1540.640625, 6770.375)
(988.796875, 6824.375, 988.796875, 6846.375)
(1251.609375, 1362.078125, 1535.609375, 1409.078125)
(1403.546875, 2366.734375, 1515.546875, 2414.734375)
(1745.390625, 33.0, 1780.390625, 33.0)
(682.375, 4718.5625, 755.375, 4737.5625)
(1261.609375, 2284.734375, 1348.609375, 2316.734375)
(682.375, 1578.0, 1216.375, 1645.0)
(367.5, 1645.15625, 651.5, 1880.15625)
(707.375, 3771.75, 741.375, 3786.75)
(861.6875, 4483.6875, 932.6875, 4497.6875)
(159.765625, 6754.375, 269.765625, 6770.375)
(367.5, 1414.15625, 651.5, 1629.15625)
(377.5, 2150.390625, 493.5, 2164.390625)
(682.375, 1657.0, 856.375, 1681.0)
(988.796875, 6842.765625, 988.796875, 6842.765625)
(914.1875, 6827.375, 960.1875, 6842.375)
(682.375, 3335.8125, 856.375, 3359.8125)
(1341.609375, 1662.15625, 1535.609375, 1676.15625)
(682.375, 4482.265625, 696.375, 4500.265625)
(682.375, 5869.4375, 1220.375, 6060.4375)
(40.0, 61.0, 128.0, 75.0)
(682.375, 1051.0625, 1220.375, 1111.0625)
(1251.609375, 1770.15625, 1331.609375, 1850.15625)
(1251.609375, 2458.234375, 1393.609375, 2503.234375)
(1851.390625, 18.5, 1878.390625, 37.5)
(944.234375, 2217.9375, 973.234375, 2241.9375)
(1251.609375, 3047.3125, 1534.609375, 3132.3125)
(547.625, 1039.359375, 631.625, 1063.359375)
(951.046875, 6179.046875, 973.046875, 6206.046875)
(1261.609375, 2513.234375, 1393.609375, 2538.234375)
(1363.90625, 3162.3125, 1535.90625, 3222.3125)
(979.5, 6524.375, 1007.5, 6548.375)
(1327.640625, 2106.15625, 1535.640625, 2120.15625)
(1037.265625, 1275.9375, 1148.265625, 1294.9375)
(682.375, 3330.8125, 1220.375, 3362.8125)
(1261.609375, 2603.234375, 1393.609375, 2628.234375)
(1251.609375, 1662.15625, 1534.609375, 1745.15625)
(699.421875, 5665.4375, 779.421875, 5684.4375)
(977.453125, 58.0, 1135.453125, 78.0)
(377.5, 1570.4375, 641.5, 1624.4375)
(1251.609375, 2240.15625, 1535.609375, 2721.15625)
(1261.609375, 2378.234375, 1393.609375, 2403.234375)
(834.765625, 1702.875, 1018.765625, 1721.875)
(367.5, 2456.234375, 667.5, 2456.234375)
(15.0, 6526.375, 1888.0, 6546.375)
(0.0, 0.0, 2338.0, 400.0)
(534.34375, 2150.390625, 541.34375, 2164.390625)
(1403.546875, 2468.234375, 1570.546875, 2493.234375)
(1251.609375, 1624.078125, 1535.609375, 1647.078125)
(682.375, 2467.8125, 1220.375, 2667.8125)
(367.5, 1816.15625, 651.5, 1880.15625)
(602.140625, 6754.375, 697.140625, 6770.375)
(682.375, 2791.75, 1220.375, 2947.75)
(1393.546875, 2278.234375, 1535.546875, 2323.234375)
(672.78125, 1861.875, 1220.78125, 2422.875)
(829.484375, 1171.9375, 944.484375, 1190.9375)
(682.375, 5275.5, 755.375, 5294.5)
(1353.015625, 2473.734375, 1393.015625, 2487.734375)
(861.6875, 2752.875, 925.6875, 2766.875)
(692.375, 4937.625, 791.375, 4960.625)
(368.40625, 60.0, 492.40625, 75.0)
(672.78125, 4736.5625, 1220.78125, 5293.5625)
(692.375, 3180.8125, 804.375, 3203.8125)
(682.375, 3024.75, 1220.375, 3224.75)
(951.046875, 1655.546875, 973.046875, 1682.546875)
(682.375, 2263.8125, 1172.375, 2308.8125)
(1341.609375, 2869.3125, 1527.609375, 2869.3125)
(888.375, 60.0, 964.375, 75.0)
(839.6875, 4046.625, 1033.6875, 4065.625)
(690.1875, 762.125, 696.1875, 776.125)
(0.0, 0.0, 1903.0, 50.0)
(692.375, 1532.0, 776.375, 1555.0)
(861.6875, 2217.9375, 939.6875, 2241.9375)
(1167.53125, 649.125, 1520.53125, 682.125)
(682.375, 2743.875, 1220.375, 2775.875)
(682.375, 1312.9375, 755.375, 1331.9375)
(367.5, 1565.4375, 651.5, 1629.4375)
(861.6875, 1661.0, 932.6875, 1675.0)
(1261.609375, 2554.734375, 1339.609375, 2586.734375)
(1251.609375, 2977.3125, 1534.609375, 3022.3125)
(1232.234375, 6752.375, 1316.234375, 6771.375)
(775.015625, 671.125, 885.015625, 694.125)
(682.375, 1906.875, 1220.375, 2106.875)
(1341.609375, 1998.15625, 1535.609375, 2012.15625)
(682.375, 1699.875, 1220.375, 1829.875)
(0.0, 0.0, 236.0, 16.0)
(732.953125, 2846.75, 762.953125, 2865.75)
(1232.234375, 6754.375, 1315.234375, 6770.375)
(682.375, 6183.078125, 696.375, 6201.078125)
(692.375, 2623.875, 744.375, 2646.875)
(944.234375, 2748.875, 973.234375, 2772.875)
(968.0625, 5061.171875, 990.0625, 5088.171875)
(1261.609375, 2468.234375, 1393.609375, 2493.234375)
(0.0, 6918.375, 1903.0, 6918.375)
(775.015625, 671.125, 1128.015625, 704.125)
(367.5, 845.0, 651.5, 1376.0)
(1509.390625, 2466.734375, 1570.390625, 2494.734375)
(682.375, 6180.5, 1220.375, 6207.5)
(682.375, 4781.5625, 1220.375, 4981.5625)
(1399.90625, 3047.3125, 1535.90625, 3132.3125)
(765.015625, 753.125, 1138.015625, 795.125)
(351.5, 335.0, 1551.5, 335.0)
(951.046875, 6180.5, 979.046875, 6204.5)
(861.6875, 5062.625, 963.6875, 5086.625)
(1335.5625, 1913.15625, 1535.5625, 1973.15625)
(1403.546875, 2464.734375, 1499.546875, 2496.734375)
(367.5, 980.359375, 651.5, 1034.359375)
(861.6875, 5623.5625, 925.6875, 5637.5625)
(682.375, 5065.203125, 696.375, 5083.203125)
(372.5, 753.125, 745.5, 795.125)
(1261.609375, 2423.234375, 1393.609375, 2448.234375)
(367.5, 1376.078125, 651.5, 1925.078125)
(1261.609375, 2648.234375, 1393.609375, 2673.234375)
(231.5, 85.0, 351.5, 688.0)
(504.78125, 58.0, 662.78125, 78.0)
(351.5, 6476.375, 1551.5, 6476.375)
(682.375, 4198.625, 1220.375, 4398.625)
(377.5, 2122.09375, 391.5, 2140.09375)
(737.28125, 6752.375, 876.28125, 6771.375)
(784.96875, 58.0, 874.96875, 78.0)
(682.375, 5614.5625, 1220.375, 5646.5625)
(367.5, 2114.515625, 651.5, 2178.515625)
(367.5, 842.0, 545.5, 869.0)
(682.375, 5105.5, 1220.375, 5261.5)
(682.375, 1047.0625, 1206.375, 1114.0625)
(1261.609375, 2636.734375, 1335.609375, 2684.734375)
(0.0, 0.0, 40.0, 40.0)
(979.5, 6543.375, 1007.5, 6543.375)
(682.375, 4479.6875, 1220.375, 4506.6875)
(1393.546875, 2503.234375, 1535.546875, 2548.234375)
(367.5, 1777.15625, 651.5, 1806.15625)
(1251.609375, 1184.359375, 1535.609375, 1282.359375)
(954.328125, 758.125, 1056.328125, 782.125)
(1152.53125, 350.0, 1535.53125, 800.0)
(377.5, 1570.4375, 577.5, 1594.4375)
(672.78125, 2979.75, 1220.78125, 3566.75)
(1251.609375, 1998.15625, 1331.609375, 2081.15625)
(1046.328125, 6754.375, 1197.328125, 6770.375)
(682.375, 2404.8125, 755.375, 2423.8125)
(1251.609375, 2779.3125, 1534.609375, 2844.3125)
(944.234375, 1124.609375, 966.234375, 1151.609375)
(377.5, 2119.515625, 641.5, 2173.515625)
(1251.609375, 2593.234375, 1393.609375, 2638.234375)
(1403.546875, 2378.234375, 1599.546875, 2403.234375)
(682.375, 5869.4375, 1220.375, 6069.4375)
(682.375, 4046.625, 1153.375, 4091.625)
(672.78125, 2422.8125, 1220.78125, 2979.8125)
(351.5, 85.0, 1551.5, 6476.0)
(164.765625, 6752.375, 264.765625, 6771.375)
(682.375, 845.0, 1220.375, 1331.0)
(682.375, 5622.140625, 696.375, 5640.140625)
(682.375, 2963.75, 1220.375, 2979.75)
(682.375, 5540.5625, 1215.375, 5607.5625)
(367.5, 845.0, 651.5, 868.0)
(682.375, 1126.0625, 856.375, 1150.0625)
(367.5, 1925.15625, 651.5, 1948.15625)
(682.375, 3611.6875, 1220.375, 3811.6875)
(500.328125, 1601.3125, 507.328125, 1615.3125)
(0.0, 15.0, 121.0, 35.0)
(1251.609375, 2237.15625, 1517.609375, 2264.15625)
(1261.609375, 1287.359375, 1422.609375, 1311.359375)
(707.375, 5498.5625, 793.375, 5513.5625)
(702.1875, 5717.4375, 749.1875, 5736.4375)
(1266.609375, 1362.078125, 1525.609375, 1398.078125)
(382.5, 1114.078125, 641.5, 1150.078125)
(1368.8125, 2982.3125, 1535.8125, 3022.3125)
(861.6875, 3926.75, 925.6875, 3940.75)
(382.5, 758.125, 735.5, 785.125)
(1236.609375, 820.0, 1536.609375, 1070.0)
(861.6875, 2748.875, 939.6875, 2772.875)
(1528.40625, 2563.734375, 1599.40625, 2577.734375)
(382.5, 2194.234375, 641.5, 2230.234375)
(861.6875, 3339.8125, 932.6875, 3353.8125)
