(1299.3125, 6443.203125, 1562.3125, 6579.203125)
(298.0, 2564.171875, 1588.0, 2564.171875)
(969.0, 7182.78125, 1237.0, 7266.78125)
(644.0, 1550.1875, 664.0, 1570.1875)
(308.0, 4379.015625, 618.0, 4620.015625)
(1299.3125, 6273.875, 1562.3125, 6409.875)
(487.0625, 888.015625, 503.0625, 904.015625)
(969.0, 7394.78125, 1230.0, 7448.78125)
(324.0, 3285.359375, 463.0, 3302.359375)
(639.0, 4390.015625, 927.0, 4555.015625)
(298.0, 8082.78125, 1588.0, 8117.78125)
(959.0, 1368.1875, 1247.0, 1584.1875)
(415.796875, 5202.234375, 415.796875, 5218.234375)
(969.0, 7140.78125, 1160.0, 7161.78125)
(1034.9375, 1129.65625, 1131.9375, 1145.65625)
(298.0, 5314.234375, 1588.0, 5341.234375)
(314.0, 427.0, 917.0, 915.0)
(0.0, 34.0, 1886.0, 100.0)
(1299.3125, 6216.875, 1562.3125, 6240.875)
(644.0, 1546.1875, 922.0, 1594.1875)
(695.765625, 5154.234375, 695.765625, 5170.234375)
(660.03125, 1709.1875, 757.03125, 1725.1875)
(1184.03125, 5563.203125, 1547.03125, 5641.203125)
(298.0, 5314.234375, 1588.0, 7807.234375)
(498.9375, 1500.1875, 585.9375, 1529.1875)
(1429.921875, 7140.78125, 1481.921875, 7161.78125)
(1279.0, 4531.015625, 1567.0, 4555.015625)
(323.0, 1382.1875, 603.0, 1529.1875)
(886.6875, 3020.546875, 1054.6875, 3037.546875)
(742.953125, 3417.375, 1572.953125, 3576.375)
(0.0, 0.0, 1466.0, 48.0)
(1163.03125, 4702.015625, 1583.03125, 5229.015625)
(319.0, 7535.78125, 607.0, 7664.78125)
(329.0, 7632.78125, 515.0, 7653.78125)
(298.0, 1793.1875, 1588.0, 1793.1875)
(649.0, 7503.78125, 665.0, 7522.78125)
(649.0, 7269.78125, 665.0, 7288.78125)
(1263.0, 2609.171875, 1583.0, 2849.171875)
(1184.03125, 4830.0, 1562.03125, 4854.0)
(1168.03125, 4707.015625, 1578.03125, 5084.015625)
(894.875, 6374.03125, 1066.875, 6391.03125)
(324.0, 2473.171875, 587.0, 2497.171875)
(329.0, 7082.78125, 597.0, 7130.78125)
(1094.921875, 7245.78125, 1094.921875, 7264.78125)
(324.0, 2015.515625, 587.0, 2146.515625)
(298.0, 4697.015625, 1158.0, 5234.015625)
(627.984375, 887.515625, 743.984375, 904.515625)
(1132.046875, 1129.65625, 1132.046875, 1145.65625)
(1279.0, 7277.78125, 1567.0, 7406.78125)
(938.03125, 416.0, 1245.03125, 670.0)
(606.671875, 3747.359375, 747.671875, 3763.359375)
(1320.515625, 2337.15625, 1425.515625, 2479.15625)
(430.796875, 5202.234375, 474.796875, 5219.234375)
(425.828125, 6871.8125, 576.828125, 6933.8125)
(726.40625, 1946.34375, 726.40625, 1962.34375)
(1291.171875, 5690.203125, 1336.171875, 5707.203125)
(644.0, 1543.1875, 903.0, 1597.1875)
(1184.03125, 5643.203125, 1562.03125, 5685.203125)
(1184.03125, 2049.15625, 1204.03125, 2069.15625)
(324.0, 3770.03125, 587.0, 3794.03125)
(324.0, 5818.21875, 587.0, 5842.21875)
(865.75, 6702.1875, 1033.75, 6719.1875)
(324.0, 6298.515625, 363.0, 6313.515625)
(313.0, 5525.5625, 1143.0, 5684.5625)
(872.9375, 5202.234375, 888.9375, 5218.234375)
(0.0, 187.0, 1886.0, 231.0)
(1184.03125, 2040.15625, 1562.03125, 2183.15625)
(894.875, 3540.53125, 1062.875, 3557.53125)
(592.96875, 5154.234375, 710.96875, 5170.234375)
(308.0, 2614.171875, 618.0, 2786.171875)
(753.953125, 6113.703125, 1223.953125, 6167.703125)
(1184.03125, 3657.703125, 1562.03125, 4039.703125)
(298.0, 411.0, 1251.0, 1177.0)
(1184.03125, 4856.0, 1512.03125, 4910.0)
(606.671875, 4188.34375, 1131.671875, 4236.34375)
(308.0, 221.0, 308.0, 221.0)
(324.0, 3285.359375, 340.0, 3301.359375)
(313.0, 3816.03125, 1143.0, 3975.03125)
(1184.03125, 4723.015625, 1562.03125, 4854.015625)
(308.0, 5351.234375, 1148.0, 6028.234375)
(314.0, 5357.234375, 1142.0, 5513.234375)
(313.0, 5864.21875, 1143.0, 6023.21875)
(769.984375, 6213.703125, 879.984375, 6234.703125)
(329.0, 7287.78125, 597.0, 7395.78125)
(665.03125, 7607.78125, 775.03125, 7628.78125)
(959.03125, 690.703125, 1224.03125, 1145.703125)
(329.0, 7503.78125, 570.0, 7524.78125)
(702.640625, 5638.21875, 702.640625, 5654.21875)
(329.0, 7296.78125, 349.0, 7316.78125)
(340.03125, 3282.359375, 437.03125, 3303.359375)
(0.0, 0.0, 1886.0, 480.0)
(968.421875, 963.15625, 1215.421875, 1017.15625)
(753.953125, 6506.859375, 1278.953125, 6527.859375)
(753.953125, 3435.53125, 1278.953125, 3557.53125)
(329.0, 7374.78125, 438.0, 7393.78125)
(437.546875, 7374.78125, 488.546875, 7395.78125)
(1414.921875, 7140.78125, 1414.921875, 7159.78125)
(753.953125, 6481.859375, 773.953125, 6501.859375)
(949.0, 4380.015625, 1257.0, 4599.015625)
(1277.578125, 2166.15625, 1277.578125, 2182.15625)
(644.0, 1373.1875, 688.0, 1397.1875)
(606.671875, 4241.34375, 1131.671875, 4262.34375)
(869.359375, 4851.765625, 1132.359375, 4875.765625)
(606.671875, 5748.546875, 1131.671875, 5811.546875)
(319.0, 6863.859375, 406.0, 6947.859375)
(622.703125, 4108.515625, 780.703125, 4124.515625)
(606.671875, 4185.34375, 1121.671875, 4239.34375)
(964.0, 6863.859375, 1245.0, 6947.859375)
(985.03125, 7559.78125, 1143.03125, 7580.78125)
(1289.0, 7187.78125, 1557.0, 7235.78125)
(1279.0, 1623.1875, 1279.0, 1623.1875)
(969.0, 7191.78125, 989.0, 7211.78125)
(628.0, 2767.390625, 938.0, 2791.390625)
(969.0, 7245.78125, 1110.0, 7264.78125)
(753.953125, 2941.546875, 1162.953125, 2971.546875)
(1567.734375, 156.0, 1577.734375, 174.0)
(313.0, 1051.1875, 508.0, 1114.1875)
(0.0, 0.0, 13.0, 13.0)
(915.203125, 5.0, 1074.203125, 29.0)
(1184.03125, 4859.0, 1562.03125, 4907.0)
(900.796875, 7847.78125, 914.796875, 7863.78125)
(722.96875, 1056.1875, 917.96875, 1152.1875)
(1299.3125, 6724.859375, 1562.3125, 6748.859375)
(1289.0, 7521.78125, 1557.0, 7629.78125)
(1034.9375, 1126.65625, 1131.9375, 1147.65625)
(463.0, 2844.390625, 463.0, 2844.390625)
(308.0, 1830.1875, 1148.0, 1999.1875)
(313.0, 4907.765625, 583.0, 5114.765625)
(1305.03125, 7140.78125, 1415.03125, 7159.78125)
(308.0, 931.515625, 513.0, 1167.515625)
(949.0, 1358.1875, 1257.0, 1633.1875)
(1184.03125, 3657.703125, 1562.03125, 3851.703125)
(753.953125, 6532.859375, 769.953125, 6548.859375)
(319.0, 7034.78125, 324.0, 7053.78125)
(629.0, 4380.015625, 937.0, 4618.015625)
(592.96875, 5154.234375, 608.96875, 5170.234375)
(606.671875, 2242.84375, 1131.671875, 2305.84375)
(298.0, 5341.234375, 1588.0, 6038.234375)
(1299.3125, 3259.046875, 1562.3125, 3395.046875)
(1184.03125, 3880.671875, 1562.03125, 3928.671875)
(308.0, 3980.359375, 1148.0, 4149.359375)
(324.0, 4165.6875, 587.0, 4301.6875)
(329.0, 7503.78125, 518.0, 7522.78125)
(1292.578125, 2166.15625, 1336.578125, 2183.15625)
(1402.140625, 7608.78125, 1402.140625, 7627.78125)
(1279.0, 7172.78125, 1567.0, 7277.78125)
(606.671875, 4267.34375, 724.671875, 4283.34375)
(753.953125, 3089.71875, 1561.953125, 3225.71875)
(308.0, 109.0, 820.0, 133.0)
(1184.03125, 1846.1875, 1562.03125, 2040.1875)
(1299.3125, 2920.390625, 1562.3125, 3051.390625)
(1279.0, 7034.78125, 1284.0, 7053.78125)
(0.0, 0.0, 0.0, 0.0)
(1268.0, 2796.390625, 1578.0, 2834.390625)
(915.203125, 5.0, 1059.203125, 29.0)
(606.671875, 3927.1875, 915.671875, 3944.1875)
(609.0, 5151.234375, 696.0, 5172.234375)
(1382.546875, 7374.78125, 1382.546875, 7393.78125)
(0.0, 0.0, 424.0, 192.0)
(769.984375, 3345.703125, 879.984375, 3366.703125)
(969.0, 7497.78125, 1237.0, 7581.78125)
(969.0, 7499.78125, 1229.0, 7553.78125)
(324.0, 6104.546875, 702.0, 6293.546875)
(313.0, 2173.84375, 1143.0, 2339.84375)
(628.0, 4379.015625, 938.0, 4620.015625)
(1279.0, 1589.1875, 1567.0, 1623.1875)
(622.703125, 3927.1875, 732.703125, 3943.1875)
(1163.03125, 4702.015625, 1583.03125, 5089.015625)
(622.703125, 5975.375, 732.703125, 5991.375)
(1184.03125, 5690.203125, 1200.03125, 5706.203125)
(948.03125, 426.0, 1235.03125, 588.0)
(985.03125, 7245.78125, 1095.03125, 7264.78125)
(769.984375, 6371.03125, 879.984375, 6392.03125)
(622.703125, 3747.359375, 732.703125, 3763.359375)
(298.0, 6815.859375, 1588.0, 6842.859375)
(324.0, 2188.171875, 587.0, 2319.171875)
(1299.3125, 3202.046875, 1562.3125, 3226.046875)
(329.03125, 5199.234375, 416.03125, 5220.234375)
(969.0, 7350.78125, 985.0, 7369.78125)
(587.96875, 4902.765625, 867.96875, 5223.765625)
(948.0, 2791.390625, 1258.0, 2844.390625)
(452.140625, 6448.515625, 497.140625, 6465.515625)
(753.953125, 3142.875, 1278.953125, 3184.875)
(948.0, 2614.171875, 1258.0, 2614.171875)
(0.0, 0.0, 1886.0, 34.0)
(0.0, 0.0, 348.0, 24.0)
(622.703125, 2450.5, 709.703125, 2466.5)
(606.671875, 4183.34375, 1131.671875, 4284.34375)
(872.9375, 5091.234375, 1142.9375, 5115.234375)
(324.0, 2920.390625, 702.0, 3109.390625)
(753.953125, 6644.1875, 1245.953125, 6674.1875)
(345.03125, 7503.78125, 503.03125, 7522.78125)
(665.46875, 7938.78125, 811.46875, 7962.78125)
(900.796875, 7842.78125, 944.796875, 7866.78125)
(649.0, 7086.78125, 669.0, 7106.78125)
(649.0, 7416.78125, 917.0, 7524.78125)
(1299.3125, 6104.546875, 1562.3125, 6240.546875)
(959.0, 7030.78125, 1247.0, 7067.78125)
(482.296875, 1437.1875, 603.296875, 1485.1875)
(948.03125, 594.6875, 1218.03125, 648.6875)
(1289.0, 7079.78125, 1547.0, 7133.78125)
(1305.03125, 7607.78125, 1402.03125, 7628.78125)
(324.0, 709.515625, 907.0, 733.515625)
(641.5, 6863.859375, 728.5, 6947.859375)
(959.0, 1368.1875, 1247.0, 1623.1875)
(742.953125, 3078.71875, 1572.953125, 3237.71875)
(298.0, 1793.1875, 1588.0, 2524.1875)
(639.0, 4560.015625, 927.0, 4598.015625)
(512.96875, 6609.1875, 512.96875, 6609.1875)
(319.0, 6923.78125, 406.0, 6947.78125)
(629.0, 7020.78125, 937.0, 7674.78125)
(623.0, 2609.171875, 943.0, 2849.171875)
(649.0, 7313.78125, 913.0, 7367.78125)
(737.953125, 3412.375, 1577.953125, 3581.375)
(1279.0, 1368.1875, 1567.0, 1589.1875)
(0.0, 0.0, 11.0, 17.0)
(665.46875, 8010.78125, 776.46875, 8034.78125)
(1030.671875, 5202.234375, 1030.671875, 5218.234375)
(985.03125, 7350.78125, 1071.03125, 7369.78125)
(1423.0, 2844.390625, 1423.0, 2844.390625)
(303.0, 4702.015625, 1153.0, 4898.015625)
(324.0, 5536.5625, 1132.0, 5672.5625)
(751.796875, 7503.78125, 751.796875, 7522.78125)
(313.0, 5124.234375, 333.0, 5144.234375)
(1200.0625, 4959.0, 1342.0625, 4975.0)
(324.0, 4752.390625, 849.0, 4846.390625)
(1299.3125, 6273.875, 1562.3125, 6404.875)
(298.0, 1347.1875, 1251.0, 1347.1875)
(1538.0, 187.0, 1578.0, 231.0)
(622.703125, 5638.21875, 702.703125, 5654.21875)
(606.671875, 3687.359375, 1131.671875, 3764.359375)
(969.0, 7502.78125, 1237.0, 7550.78125)
(0.0, 0.0, 146.0, 192.0)
(606.671875, 5896.375, 917.671875, 5926.375)
(606.671875, 5456.890625, 622.671875, 5472.890625)
(0.0, 231.0, 1886.0, 231.0)
(324.0, 4829.390625, 442.0, 4845.390625)
(298.0, 5.0, 398.0, 29.0)
(313.0, 5117.234375, 579.0, 5195.234375)
(872.9375, 4907.765625, 1142.9375, 5109.765625)
(308.0, 4902.765625, 1148.0, 5223.765625)
(1284.25, 411.0, 1584.25, 661.0)
(943.0, 4374.015625, 1263.0, 4625.015625)
(747.59375, 5975.375, 914.59375, 5992.375)
(298.0, 1793.1875, 1588.0, 1820.1875)
(324.0, 6104.546875, 702.0, 6465.546875)
(324.0, 6274.515625, 702.0, 6298.515625)
(314.0, 2005.515625, 1142.0, 2161.515625)
(0.0, 34.0, 1886.0, 99.0)
(324.0, 6298.515625, 702.0, 6465.515625)
(665.46875, 7986.78125, 811.46875, 8010.78125)
(853.828125, 51.5, 914.828125, 81.5)
(969.0, 7350.78125, 1086.0, 7369.78125)
(324.0, 3285.359375, 452.0, 3301.359375)
(308.0, 3811.03125, 1148.0, 3981.03125)
(959.0, 4390.015625, 1247.0, 4555.015625)
(0.0, 0.0, 44.0, 17.0)
(606.671875, 4108.515625, 622.671875, 4124.515625)
(1299.3125, 3371.375, 1562.3125, 3395.375)
(324.0, 3996.359375, 587.0, 4132.359375)
(717.96875, 931.515625, 922.96875, 1167.515625)
(959.03125, 690.703125, 1224.03125, 955.703125)
(606.671875, 4108.515625, 964.671875, 4125.515625)
(606.671875, 5638.21875, 890.671875, 5655.21875)
(0.0, 0.0, 1886.0, 515.0)
(606.671875, 2117.171875, 703.671875, 2133.171875)
(309.0, 4380.015625, 617.0, 4599.015625)
(753.953125, 2920.390625, 1561.953125, 3056.390625)
(753.953125, 6327.03125, 1278.953125, 6369.03125)
(324.0, 6448.515625, 497.0, 6465.515625)
(753.953125, 6443.203125, 1561.953125, 6579.203125)
(308.0, 1793.1875, 415.0, 1820.1875)
(769.984375, 6699.1875, 850.984375, 6720.1875)
(329.0, 7140.78125, 470.0, 7159.78125)
(969.0, 7140.78125, 1110.0, 7159.78125)
(298.0, 4670.015625, 1588.0, 5235.015625)
(649.0, 7269.78125, 834.0, 7290.78125)
(329.0, 7289.78125, 581.0, 7367.78125)
(606.671875, 1865.34375, 1131.671875, 1963.34375)
(483.828125, 5.0, 607.828125, 29.0)
(1561.015625, 54.0, 1588.015625, 84.0)
(298.0, 2604.171875, 1588.0, 2854.171875)
(1184.03125, 3851.671875, 1228.03125, 3875.671875)
(753.953125, 6651.1875, 773.953125, 6671.1875)
(622.703125, 5453.890625, 732.703125, 5474.890625)
(1184.03125, 5367.234375, 1562.03125, 5556.234375)
(753.953125, 6647.1875, 1278.953125, 6671.1875)
(329.0, 7079.78125, 560.0, 7133.78125)
(298.0, 6842.859375, 1588.0, 6969.859375)
(747.59375, 2310.84375, 916.59375, 2327.84375)
(496.84375, 1437.1875, 588.84375, 1485.1875)
(732.59375, 2310.84375, 732.59375, 2326.84375)
(837.703125, 5.0, 914.703125, 29.0)
(314.0, 1836.1875, 1142.0, 1992.1875)
(303.0, 4897.765625, 1153.0, 5228.765625)
(340.03125, 6448.515625, 437.03125, 6464.515625)
(753.953125, 6104.546875, 1561.953125, 6240.546875)
(1184.03125, 4912.0, 1562.03125, 4954.0)
(888.6875, 6532.859375, 1061.6875, 6549.859375)
(340.03125, 4826.390625, 427.03125, 4847.390625)
(753.953125, 6676.1875, 1278.953125, 6697.1875)
(298.0, 6842.859375, 621.0, 6969.859375)
(1299.3125, 3540.703125, 1562.3125, 3564.703125)
(1103.0, 2844.390625, 1103.0, 2844.390625)
(747.59375, 3747.359375, 916.59375, 3764.359375)
(319.0, 7067.78125, 607.0, 7172.78125)
(517.984375, 1027.1875, 712.984375, 1051.1875)
(959.03125, 937.15625, 1224.03125, 961.15625)
(606.671875, 3692.359375, 1131.671875, 3716.359375)
(1184.03125, 3851.671875, 1224.03125, 3866.671875)
(1184.03125, 4723.015625, 1562.03125, 4849.015625)
(517.984375, 936.515625, 712.984375, 1114.515625)
(314.0, 4155.6875, 1142.0, 4311.6875)
(303.0, 6083.546875, 723.0, 6770.546875)
(298.0, 3631.703125, 1588.0, 3631.703125)
(1163.03125, 3636.703125, 1583.03125, 4167.703125)
(948.0, 2614.171875, 1258.0, 2844.171875)
(649.0, 7374.78125, 834.0, 7395.78125)
(969.0, 7560.78125, 1209.0, 7581.78125)
(1279.0, 4390.015625, 1567.0, 4589.015625)
(710.765625, 5154.234375, 754.765625, 5171.234375)
(774.921875, 7608.78125, 774.921875, 7627.78125)
(324.0, 437.0, 907.0, 729.0)
(1158.03125, 4697.015625, 1588.03125, 5234.015625)
(769.984375, 3189.875, 871.984375, 3205.875)
(606.671875, 3747.359375, 622.671875, 3763.359375)
(985.03125, 7139.78125, 1095.03125, 7160.78125)
(888.96875, 5199.234375, 1030.96875, 5220.234375)
(769.984375, 6529.859375, 873.984375, 6550.859375)
(757.546875, 7164.78125, 808.546875, 7185.78125)
(1184.03125, 4959.0, 1357.03125, 4975.0)
(943.0, 7014.78125, 943.0, 7681.78125)
(742.953125, 2909.390625, 1572.953125, 3068.390625)
(948.03125, 679.703125, 1235.03125, 1157.703125)
(329.0, 7374.78125, 345.0, 7393.78125)
(308.0, 6815.859375, 476.0, 6842.859375)
(1268.0, 4379.015625, 1578.0, 4620.015625)
(298.0, 2894.390625, 1588.0, 3592.390625)
(1184.03125, 5561.203125, 1562.03125, 5707.203125)
(479.0, 7842.78125, 625.0, 7911.78125)
(1184.03125, 2042.15625, 1556.03125, 2096.15625)
(303.0, 2899.390625, 723.0, 3586.390625)
(639.0, 7301.78125, 927.0, 7406.78125)
(1561.015625, 44.0, 1588.015625, 89.0)
(1163.03125, 5346.234375, 1583.03125, 5856.234375)
(1275.5, 6852.859375, 1578.5, 6959.859375)
(943.0, 2564.171875, 943.0, 2564.171875)
(308.0, 2791.390625, 618.0, 2844.390625)
(303.0, 1352.1875, 1583.0, 1748.1875)
(1289.0, 7526.78125, 1557.0, 7598.78125)
(964.0, 6863.859375, 1051.0, 6947.859375)
(753.953125, 2948.546875, 773.953125, 2968.546875)
(324.0, 3827.03125, 587.0, 3958.03125)
(324.0, 5875.21875, 587.0, 6006.21875)
(948.0, 2614.171875, 1258.0, 2791.171875)
(303.0, 5346.234375, 1153.0, 6033.234375)
(308.0, 6852.859375, 611.0, 6959.859375)
(329.0, 7416.78125, 597.0, 7524.78125)
(1184.03125, 5690.203125, 1336.03125, 5707.203125)
(1184.03125, 2166.15625, 1200.03125, 2182.15625)
(783.0, 2825.390625, 783.0, 2825.390625)
(1184.03125, 2166.15625, 1337.03125, 2183.15625)
(1265.5, 6842.859375, 1587.5, 6969.859375)
(324.0, 4165.6875, 587.0, 4296.6875)
(313.0, 3985.359375, 1143.0, 4144.359375)
(324.0, 6324.515625, 656.0, 6378.515625)
(933.03125, 411.0, 1250.03125, 1177.0)
(869.359375, 4723.015625, 1132.359375, 4871.015625)
(329.0, 7503.78125, 345.0, 7522.78125)
(1305.03125, 7245.78125, 1402.03125, 7264.78125)
(293.0, 8045.78125, 1593.0, 8127.78125)
(649.0, 7547.78125, 855.0, 7601.78125)
(1289.0, 7479.78125, 1305.0, 7498.78125)
(949.0, 7020.78125, 1257.0, 7674.78125)
(1184.03125, 1846.1875, 1562.03125, 2035.1875)
(303.0, 2609.171875, 623.0, 2849.171875)
(1269.0, 7020.78125, 1577.0, 7674.78125)
(737.953125, 6257.875, 1577.953125, 6427.875)
(606.671875, 5638.21875, 717.671875, 5654.21875)
(1429.921875, 7479.78125, 1481.921875, 7500.78125)
(700.78125, 51.5, 764.78125, 81.5)
(639.0, 4608.015625, 639.0, 4608.015625)
(329.0, 7550.78125, 597.0, 7622.78125)
(753.953125, 6472.859375, 1278.953125, 6549.859375)
(1286.5, 6863.859375, 1567.5, 6947.859375)
(1279.0, 1591.1875, 1560.0, 1615.1875)
(324.0, 4829.390625, 340.0, 4845.390625)
(1174.03125, 1836.1875, 1572.03125, 2193.1875)
(298.0, 3631.703125, 1158.0, 4328.703125)
(1184.03125, 4959.0, 1200.03125, 4975.0)
(641.5, 6863.859375, 728.5, 6942.859375)
(969.0, 7560.78125, 1158.0, 7579.78125)
(308.0, 3641.703125, 1148.0, 4318.703125)
(649.0, 7421.78125, 917.0, 7493.78125)
(319.0, 4390.015625, 607.0, 4589.015625)
(628.0, 1357.1875, 938.0, 1743.1875)
(298.0, 1217.1875, 1251.0, 1307.1875)
(1268.0, 1357.1875, 1578.0, 1743.1875)
(620.5, 6842.859375, 942.5, 6969.859375)
(606.671875, 2450.5, 622.671875, 2466.5)
(631.5, 6853.859375, 932.5, 6957.859375)
(541.46875, 51.5, 585.46875, 81.5)
(314.0, 3817.03125, 1142.0, 3973.03125)
(314.0, 5865.21875, 1142.0, 6021.21875)
(355.828125, 742.515625, 385.828125, 772.515625)
(313.0, 5202.234375, 475.0, 5219.234375)
(592.96875, 5115.234375, 862.96875, 5171.234375)
(1538.0, 99.0, 1578.0, 143.0)
(324.0, 5536.5625, 587.0, 5672.5625)
(649.0, 7208.78125, 904.0, 7262.78125)
(293.0, 44.0, 1593.0, 89.0)
(737.953125, 6596.53125, 1577.953125, 6765.53125)
(1269.5, 2793.390625, 1575.5, 2836.390625)
(948.03125, 426.0, 1235.03125, 593.0)
(563.0, 1382.1875, 603.0, 1427.1875)
(324.0, 3114.359375, 702.0, 3302.359375)
(609.0, 5154.234375, 696.0, 5170.234375)
(1397.546875, 7374.78125, 1449.546875, 7395.78125)
(426.796875, 4829.390625, 426.796875, 4845.390625)
(753.953125, 6474.859375, 1097.953125, 6504.859375)
(964.0, 6923.78125, 1051.0, 6947.78125)
(1397.546875, 7374.78125, 1448.546875, 7395.78125)
(479.0, 7842.78125, 625.0, 8034.78125)
(722.96875, 1027.1875, 917.96875, 1051.1875)
(722.96875, 1051.1875, 917.96875, 1162.1875)
(1279.0, 1368.1875, 1567.0, 1584.1875)
(742.546875, 7164.78125, 742.546875, 7183.78125)
(314.0, 2910.390625, 712.0, 3312.390625)
(665.46875, 7866.78125, 811.46875, 7914.78125)
(329.0, 7077.78125, 597.0, 7161.78125)
(1289.0, 7140.78125, 1430.0, 7159.78125)
(503.09375, 888.015625, 613.09375, 904.015625)
(606.671875, 3927.1875, 622.671875, 3943.1875)
(606.671875, 5975.375, 622.671875, 5991.375)
(313.0, 6093.546875, 713.0, 6477.546875)
(1158.390625, 7560.78125, 1208.390625, 7581.78125)
(772.140625, 1709.1875, 816.140625, 1726.1875)
(753.953125, 3108.875, 1278.953125, 3206.875)
(743.953125, 3418.375, 1571.953125, 3574.375)
(969.0, 7397.78125, 1237.0, 7445.78125)
(333.328125, 44.0, 513.328125, 89.0)
(303.0, 406.0, 1583.0, 406.0)
(948.0, 2767.390625, 1258.0, 2791.390625)
(1268.0, 2767.390625, 1578.0, 2791.390625)
(732.953125, 2899.390625, 1582.953125, 3586.390625)
(1341.765625, 4959.0, 1341.765625, 4975.0)
(760.40625, 8056.78125, 1126.40625, 8071.78125)
(769.984375, 6216.703125, 879.984375, 6232.703125)
(622.703125, 3924.1875, 732.703125, 3945.1875)
(622.703125, 4264.34375, 708.703125, 4285.34375)
(622.703125, 5972.375, 732.703125, 5993.375)
(1305.03125, 7244.78125, 1402.03125, 7265.78125)
(753.953125, 6532.859375, 1061.953125, 6549.859375)
(665.03125, 7503.78125, 752.03125, 7522.78125)
(592.96875, 4907.765625, 862.96875, 5114.765625)
(1184.03125, 2098.15625, 1562.03125, 2161.15625)
(985.03125, 7455.78125, 1080.03125, 7474.78125)
(938.03125, 669.703125, 1245.03125, 1171.703125)
(606.671875, 1867.34375, 1101.671875, 1897.34375)
(665.03125, 7269.78125, 767.03125, 7288.78125)
(308.0, 1999.515625, 1148.0, 2169.515625)
(959.0, 7067.78125, 1247.0, 7172.78125)
(606.671875, 2390.5, 1131.671875, 2467.5)
(753.953125, 3322.703125, 1278.953125, 3343.703125)
(789.921875, 7608.78125, 841.921875, 7629.78125)
(1163.03125, 1825.1875, 1583.03125, 2337.1875)
(969.0, 7392.78125, 1237.0, 7476.78125)
(-1000.0, -1000.0, -980.0, -980.0)
(298.0, 5341.234375, 1158.0, 6038.234375)
(753.953125, 6169.703125, 1278.953125, 6211.703125)
(1393.328125, 6871.8125, 1555.328125, 6933.8125)
(722.96875, 1162.1875, 722.96875, 1162.1875)
(313.0, 5202.234375, 431.0, 5218.234375)
(329.0, 7632.78125, 464.0, 7651.78125)
(1163.03125, 3636.703125, 1583.03125, 4323.703125)
(872.9375, 5202.234375, 1045.9375, 5218.234375)
(324.0, 2184.84375, 1132.0, 2327.84375)
(469.921875, 7245.78125, 521.921875, 7266.78125)
(324.0, 2920.390625, 702.0, 3302.390625)
(308.0, 5859.21875, 1148.0, 6028.21875)
(1279.0, 7406.78125, 1567.0, 7511.78125)
(948.0, 1357.1875, 1258.0, 1743.1875)
(324.0, 3114.359375, 363.0, 3129.359375)
(329.0, 7545.78125, 597.0, 7653.78125)
(1184.03125, 3877.671875, 1559.03125, 3931.671875)
(458.0, 276.0, 1428.0, 366.0)
(969.0, 7292.78125, 1237.0, 7340.78125)
(742.953125, 6601.53125, 1572.953125, 6760.53125)
(1184.03125, 5367.234375, 1562.03125, 5707.234375)
(1173.03125, 5356.234375, 1573.03125, 5719.234375)
(308.0, 2796.390625, 618.0, 2834.390625)
(753.953125, 6374.03125, 894.953125, 6390.03125)
(592.96875, 5120.234375, 862.96875, 5144.234375)
(766.734375, 7269.78125, 766.734375, 7288.78125)
(969.0, 7140.78125, 985.0, 7159.78125)
(1561.015625, 58.0, 1561.015625, 82.0)
(333.328125, 44.0, 531.328125, 89.0)
(324.0, 3657.703125, 587.0, 3788.703125)
(324.0, 5705.890625, 587.0, 5836.890625)
(303.0, 2609.171875, 1583.0, 2849.171875)
(319.0, 6863.859375, 600.0, 6947.859375)
(482.296875, 1500.1875, 603.296875, 1529.1875)
(1147.046875, 1129.15625, 1165.046875, 1146.15625)
(308.0, 197.0, 1538.0, 221.0)
(314.0, 4713.015625, 1142.0, 4886.015625)
(1289.0, 7374.78125, 1305.0, 7393.78125)
(948.0, 4379.015625, 1258.0, 4620.015625)
(753.953125, 2939.546875, 1278.953125, 3037.546875)
(951.5, 2793.390625, 1253.5, 2836.390625)
(968.421875, 970.15625, 988.421875, 990.15625)
(345.03125, 7244.78125, 455.03125, 7265.78125)
(1184.03125, 5537.203125, 1562.03125, 5561.203125)
(985.03125, 7244.78125, 1095.03125, 7265.78125)
(1289.0, 7289.78125, 1513.0, 7367.78125)
(0.0, 7806.78125, 1886.0, 8127.78125)
(1279.0, 4390.015625, 1567.0, 4550.015625)
(512.984375, 931.515625, 717.984375, 1167.515625)
(1070.828125, 6871.8125, 1230.828125, 6933.8125)
(969.0, 7401.78125, 989.0, 7421.78125)
(753.953125, 3113.875, 1278.953125, 3137.875)
(606.671875, 1946.34375, 622.671875, 1962.34375)
(1269.0, 4380.015625, 1577.0, 4599.015625)
(1325.515625, 2342.15625, 1420.515625, 2342.15625)
(0.0, 0.0, 110.0, 64.0)
(622.703125, 4105.515625, 780.703125, 4126.515625)
(606.671875, 5816.546875, 747.671875, 5832.546875)
(324.0, 2300.5, 587.0, 2324.5)
(949.03125, 680.703125, 1234.03125, 1155.703125)
(1305.03125, 7479.78125, 1415.03125, 7498.78125)
(314.0, 3986.359375, 1142.0, 4142.359375)
(324.0, 6448.515625, 340.0, 6464.515625)
(324.0, 5367.234375, 587.0, 5503.234375)
(319.0, 7030.78125, 607.0, 7067.78125)
(1289.0, 7140.78125, 1482.0, 7161.78125)
(722.96875, 936.515625, 917.96875, 1051.515625)
(959.03125, 690.703125, 1224.03125, 960.703125)
(324.0, 2015.515625, 1132.0, 2151.515625)
(959.03125, 961.15625, 1224.03125, 1146.15625)
(313.0, 7842.78125, 439.0, 7994.78125)
(644.0, 1373.1875, 922.0, 1397.1875)
(606.671875, 2189.84375, 1131.671875, 2237.84375)
(753.953125, 6216.703125, 769.953125, 6232.703125)
(1299.3125, 3032.71875, 1562.3125, 3056.71875)
(1363.796875, 51.5, 1465.796875, 81.5)
(943.0, 2609.171875, 1263.0, 2849.171875)
(324.0, 437.0, 907.0, 734.0)
(308.0, 931.515625, 923.0, 1167.515625)
(622.703125, 4267.34375, 709.703125, 4283.34375)
(313.0, 5120.234375, 583.0, 5192.234375)
(649.0, 7545.78125, 917.0, 7629.78125)
(1289.0, 7245.78125, 1469.0, 7266.78125)
(0.0, 0.0, 1734.0, 48.0)
(329.0, 7140.78125, 522.0, 7161.78125)
(324.0, 6331.515625, 344.0, 6351.515625)
(592.96875, 5154.234375, 754.96875, 5171.234375)
(517.984375, 1053.1875, 712.984375, 1107.1875)
(298.0, 8055.78125, 1588.0, 8072.78125)
(308.0, 6609.1875, 718.0, 6609.1875)
(606.671875, 3747.359375, 916.671875, 3764.359375)
(606.671875, 2184.84375, 1131.671875, 2327.84375)
(649.0, 7608.78125, 665.0, 7627.78125)
(1299.3125, 3428.375, 1562.3125, 3564.375)
(644.0, 1373.1875, 683.0, 1388.1875)
(628.0, 2614.171875, 938.0, 2844.171875)
(943.0, 1352.1875, 1263.0, 1748.1875)
(1158.03125, 3631.703125, 1588.03125, 4328.703125)
(512.96875, 3435.53125, 512.96875, 3435.53125)
(1174.03125, 3647.703125, 1572.03125, 4049.703125)
(298.0, 4670.015625, 1588.0, 4697.015625)
(298.0, 3631.703125, 1588.0, 4328.703125)
(298.0, 0.0, 1588.0, 34.0)
(872.9375, 5115.234375, 1142.9375, 5219.234375)
(879.875, 6374.03125, 879.875, 6390.03125)
(953.0, 6852.859375, 1256.0, 6959.859375)
(1289.0, 7530.78125, 1309.0, 7550.78125)
(298.0, 2894.390625, 1588.0, 3591.390625)
(879.875, 3540.53125, 879.875, 3556.53125)
(1325.515625, 5861.375, 1420.515625, 5861.375)
(1393.328125, 6869.8125, 1567.328125, 6941.8125)
(959.0, 7172.78125, 1247.0, 7277.78125)
(964.0, 6863.859375, 1051.0, 6942.859375)
(781.734375, 7374.78125, 833.734375, 7395.78125)
(948.0, 2614.171875, 1258.0, 2786.171875)
(743.953125, 2910.390625, 1571.953125, 3066.390625)
(1158.03125, 1820.1875, 1588.03125, 2524.1875)
(622.828125, 5.0, 711.828125, 29.0)
(303.0, 4374.015625, 623.0, 4625.015625)
(869.359375, 4723.015625, 1132.359375, 4876.015625)
(517.984375, 1114.1875, 517.984375, 1114.1875)
(742.953125, 6262.875, 1572.953125, 6421.875)
(606.671875, 4267.34375, 622.671875, 4283.34375)
(1289.0, 7287.78125, 1557.0, 7395.78125)
(886.6875, 3189.875, 1053.6875, 3206.875)
(1184.03125, 4022.671875, 1353.03125, 4039.671875)
(1356.765625, 4959.0, 1400.765625, 4976.0)
(448.734375, 7632.78125, 448.734375, 7651.78125)
(541.46875, 51.5, 1380.46875, 81.5)
(837.703125, 5.0, 899.703125, 29.0)
(313.0, 5091.234375, 583.0, 5115.234375)
(753.953125, 3288.703125, 1278.953125, 3365.703125)
(319.0, 4390.015625, 607.0, 4550.015625)
(665.46875, 7986.78125, 763.46875, 8010.78125)
(308.0, 3435.53125, 718.0, 3435.53125)
(717.640625, 5638.21875, 890.640625, 5655.21875)
(1173.03125, 4712.015625, 1573.03125, 5079.015625)
(948.0, 6847.859375, 1261.0, 6964.859375)
(1279.0, 4560.015625, 1567.0, 4579.015625)
(0.0, 0.0, 488.0, 24.0)
(872.9375, 5120.234375, 1142.9375, 5192.234375)
(969.0, 7287.78125, 1237.0, 7371.78125)
(324.0, 3114.359375, 368.0, 3138.359375)
(959.0, 4555.015625, 1247.0, 4589.015625)
(1279.0, 4555.015625, 1567.0, 4589.015625)
(0.0, 0.0, 1886.0, 8128.0)
(1373.0, 5093.609375, 1373.0, 5093.609375)
(753.953125, 6374.03125, 1066.953125, 6391.03125)
(313.0, 5356.234375, 1143.0, 5515.234375)
(639.0, 7030.78125, 927.0, 7067.78125)
(308.0, 2344.84375, 1148.0, 2513.84375)
(1279.0, 1368.1875, 1567.0, 1623.1875)
(606.671875, 2310.84375, 622.671875, 2326.84375)
(938.03125, 416.0, 1245.03125, 1172.0)
(639.0, 4555.015625, 927.0, 4608.015625)
(943.0, 7014.78125, 1263.0, 7681.78125)
(298.0, 411.0, 1266.0, 1347.0)
(324.0, 5536.5625, 587.0, 5667.5625)
(298.0, 6078.546875, 728.0, 6775.546875)
(1263.0, 7014.78125, 1583.0, 7681.78125)
(959.0, 1591.1875, 1197.0, 1615.1875)
(753.953125, 2973.546875, 1278.953125, 3015.546875)
(622.703125, 5635.21875, 702.703125, 5656.21875)
(649.0, 7608.78125, 790.0, 7627.78125)
(985.03125, 7454.78125, 1080.03125, 7475.78125)
(425.828125, 6869.8125, 599.828125, 6941.8125)
(732.59375, 3927.1875, 732.59375, 3943.1875)
(732.59375, 5975.375, 732.59375, 5991.375)
(482.296875, 1382.1875, 548.296875, 1427.1875)
(1053.578125, 51.5, 1135.578125, 81.5)
(743.953125, 3079.71875, 1571.953125, 3235.71875)
(1184.03125, 3851.671875, 1562.03125, 3875.671875)
(1184.03125, 2016.15625, 1562.03125, 2040.15625)
(753.953125, 3540.53125, 769.953125, 3556.53125)
(0.0, 0.0, 45.0, 17.0)
(1045.671875, 5202.234375, 1089.671875, 5219.234375)
(345.03125, 7373.78125, 423.03125, 7394.78125)
(959.0, 7034.78125, 964.0, 7053.78125)
(606.671875, 2091.171875, 1131.671875, 2112.171875)
(1158.03125, 5341.234375, 1588.03125, 6038.234375)
(308.0, 1357.1875, 618.0, 1743.1875)
(329.0, 7421.78125, 597.0, 7493.78125)
(308.0, 7019.78125, 618.0, 7676.78125)
(298.0, 5314.234375, 1588.0, 5314.234375)
(753.953125, 6612.53125, 1561.953125, 6748.53125)
(324.0, 2360.84375, 587.0, 2491.84375)
(634.0, 1363.1875, 932.0, 1736.1875)
(644.0, 1599.1875, 922.0, 1704.1875)
(606.671875, 5975.375, 914.671875, 5992.375)
(308.0, 109.0, 1538.0, 133.0)
(563.0, 1384.6875, 603.0, 1424.6875)
(644.0, 1541.1875, 922.0, 1726.1875)
(298.0, 1820.1875, 1588.0, 2524.1875)
(308.0, 2168.84375, 1148.0, 2344.84375)
(1263.0, 4374.015625, 1583.0, 4625.015625)
(753.953125, 6642.1875, 1278.953125, 6719.1875)
(753.953125, 6702.1875, 1033.953125, 6719.1875)
(1305.03125, 7478.78125, 1415.03125, 7499.78125)
(1417.140625, 7608.78125, 1468.140625, 7629.78125)
(732.59375, 5456.890625, 732.59375, 5472.890625)
(748.328125, 6881.3125, 897.328125, 6924.3125)
(298.0, 7806.78125, 1588.0, 7806.78125)
(541.46875, 51.5, 1485.46875, 81.5)
(606.671875, 5816.546875, 622.671875, 5832.546875)
(1373.0, 4172.84375, 1373.0, 4172.84375)
(313.0, 4907.765625, 583.0, 5218.765625)
(329.0, 7554.78125, 349.0, 7574.78125)
(309.0, 6853.859375, 610.0, 6957.859375)
(639.0, 4557.015625, 900.0, 4600.015625)
(625.5, 6847.859375, 938.5, 6964.859375)
(630.5, 6852.859375, 933.5, 6959.859375)
(398.1875, 5.0, 469.1875, 29.0)
(747.59375, 5816.546875, 919.59375, 5833.546875)
(345.03125, 7245.78125, 455.03125, 7264.78125)
(1158.390625, 7560.78125, 1209.390625, 7581.78125)
(639.0, 4390.015625, 927.0, 4550.015625)
(769.984375, 6532.859375, 873.984375, 6548.859375)
(969.0, 7079.78125, 1197.0, 7133.78125)
(753.953125, 3493.53125, 1278.953125, 3535.53125)
(850.75, 6702.1875, 850.75, 6718.1875)
(622.703125, 2117.171875, 688.703125, 2133.171875)
(0.0, 0.0, 353.0, 240.0)
(622.703125, 5813.546875, 732.703125, 5834.546875)
(1305.03125, 7374.78125, 1383.03125, 7393.78125)
(948.03125, 597.6875, 1235.03125, 645.6875)
(303.0, 4702.015625, 1153.0, 5229.015625)
(959.0, 4557.015625, 1217.0, 4581.015625)
(0.0, 0.0, 1723.0, 48.0)
(959.0, 4531.015625, 1247.0, 4555.015625)
(324.5625, 2793.390625, 600.5625, 2836.390625)
(323.0, 1414.015625, 462.0, 1497.015625)
(1163.03125, 1825.1875, 1583.03125, 2519.1875)
(1184.03125, 1846.1875, 1562.03125, 2183.1875)
(628.0, 2791.390625, 938.0, 2825.390625)
(753.953125, 3189.875, 1053.953125, 3206.875)
(606.671875, 4061.515625, 1131.671875, 4103.515625)
(1163.03125, 4167.84375, 1583.03125, 4283.84375)
(1299.3125, 6443.203125, 1562.3125, 6574.203125)
(606.671875, 4267.34375, 897.671875, 4284.34375)
(592.96875, 4907.765625, 862.96875, 5170.765625)
(329.0, 7245.78125, 345.0, 7264.78125)
(649.0, 7206.78125, 917.0, 7290.78125)
(753.953125, 3540.53125, 1062.953125, 3557.53125)
(665.46875, 7962.78125, 760.46875, 7986.78125)
(308.0, 4670.015625, 377.0, 4697.015625)
(606.671875, 4008.515625, 1131.671875, 4056.515625)
(934.671875, 51.5, 1033.671875, 81.5)
(606.671875, 5396.890625, 1131.671875, 5473.890625)
(1184.03125, 5690.203125, 1291.03125, 5706.203125)
(649.0, 7374.78125, 782.0, 7393.78125)
(454.921875, 7245.78125, 454.921875, 7264.78125)
(709.46875, 2450.5, 709.46875, 2466.5)
(871.6875, 3020.546875, 871.6875, 3036.546875)
(441.796875, 4829.390625, 610.796875, 4846.390625)
(753.953125, 6116.703125, 1278.953125, 6164.703125)
(985.03125, 7560.78125, 1143.03125, 7579.78125)
(308.0, 7842.78125, 1588.0, 8034.78125)
(313.0, 2004.515625, 1143.0, 2163.515625)
(313.0, 1114.1875, 313.0, 1114.1875)
(303.0, 3636.703125, 1153.0, 4323.703125)
(644.0, 1397.1875, 922.0, 1536.1875)
(345.03125, 7631.78125, 449.03125, 7652.78125)
(298.0, 1820.1875, 1158.0, 2524.1875)
(1305.03125, 7373.78125, 1383.03125, 7394.78125)
(0.0, 99.0, 1886.0, 143.0)
(969.0, 7455.78125, 985.0, 7474.78125)
(959.0, 4390.015625, 1247.0, 4589.015625)
(308.0, 4902.765625, 588.0, 5223.765625)
(345.03125, 7502.78125, 503.03125, 7523.78125)
(479.0, 7916.78125, 563.0, 7940.78125)
(1268.0, 7019.78125, 1578.0, 7676.78125)
(319.0, 7172.78125, 607.0, 7277.78125)
(753.953125, 6120.703125, 773.953125, 6140.703125)
(943.03125, 674.703125, 1240.03125, 1162.703125)
(1289.0, 7245.78125, 1417.0, 7264.78125)
(1200.0625, 5690.203125, 1276.0625, 5706.203125)
(517.984375, 1056.1875, 712.984375, 1104.1875)
(0.0, 231.0, 1886.0, 1431.0)
(722.96875, 936.515625, 917.96875, 1046.515625)
(747.59375, 3927.1875, 915.59375, 3944.1875)
(665.03125, 7163.78125, 743.03125, 7184.78125)
(0.0, 8127.78125, 1886.0, 8127.78125)
(1265.5, 411.0, 1587.5, 1347.0)
(324.0, 5367.234375, 587.0, 5498.234375)
(0.0, 0.0, 50.0, 21.0)
(606.671875, 5398.890625, 998.671875, 5428.890625)
(639.0, 4390.015625, 927.0, 4608.015625)
(649.0, 7079.78125, 873.0, 7157.78125)
(1155.75, 51.5, 1237.75, 81.5)
(329.03125, 5202.234375, 416.03125, 5218.234375)
(303.0, 1825.1875, 1153.0, 2519.1875)
(324.0, 3114.359375, 702.0, 3138.359375)
(743.953125, 6602.53125, 1571.953125, 6758.53125)
(649.0, 7503.78125, 819.0, 7524.78125)
(303.0, 6847.859375, 616.0, 6964.859375)
(753.953125, 3110.875, 1064.953125, 3140.875)
(622.703125, 1943.34375, 725.703125, 1964.34375)
(324.0, 810.515625, 907.0, 882.515625)
(769.984375, 6702.1875, 850.984375, 6718.1875)
(665.46875, 7914.78125, 687.46875, 7938.78125)
(1276.171875, 5690.203125, 1276.171875, 5706.203125)
(959.0, 1594.1875, 1247.0, 1613.1875)
(1299.3125, 3428.375, 1562.3125, 3559.375)
(0.0, 0.0, 1671.0, 24.0)
(324.0, 4165.6875, 1132.0, 4301.6875)
(753.953125, 6293.03125, 1278.953125, 6391.03125)
(622.703125, 2310.84375, 732.703125, 2326.84375)
(628.0, 2614.171875, 938.0, 2614.171875)
(969.0, 7077.78125, 1237.0, 7161.78125)
(628.0, 2614.171875, 938.0, 2791.171875)
(1184.03125, 4959.0, 1401.03125, 4976.0)
(649.0, 7215.78125, 669.0, 7235.78125)
(872.9375, 5202.234375, 1089.9375, 5219.234375)
(324.0, 5648.890625, 587.0, 5672.890625)
(469.921875, 7140.78125, 521.921875, 7161.78125)
(1184.03125, 4022.671875, 1200.03125, 4038.671875)
(665.03125, 7164.78125, 743.03125, 7183.78125)
(308.0, 2767.390625, 618.0, 2791.390625)
(1299.3125, 6612.53125, 1562.3125, 6748.53125)
(329.0, 7418.78125, 570.0, 7496.78125)
(303.0, 4374.015625, 1583.0, 4625.015625)
(0.0, 143.0, 1886.0, 187.0)
(633.0, 1362.1875, 933.0, 1738.1875)
(654.09375, 2793.390625, 912.09375, 2817.390625)
(1289.0, 7416.78125, 1557.0, 7500.78125)
(628.0, 2614.171875, 938.0, 2825.171875)
(606.671875, 3927.1875, 747.671875, 3943.1875)
(606.671875, 5975.375, 747.671875, 5991.375)
(606.671875, 2450.5, 724.671875, 2466.5)
(313.0, 4907.765625, 583.0, 5109.765625)
(649.0, 7164.78125, 809.0, 7185.78125)
(1289.0, 7082.78125, 1557.0, 7130.78125)
(748.328125, 6884.3125, 922.328125, 6922.3125)
(452.140625, 6448.515625, 496.140625, 6465.515625)
(796.0625, 4108.515625, 965.0625, 4125.515625)
(737.953125, 2904.390625, 1577.953125, 3073.390625)
(1163.03125, 5088.609375, 1583.03125, 5188.609375)
(1269.0, 1358.1875, 1577.0, 1633.1875)
(959.0, 7382.78125, 1247.0, 7487.78125)
(308.0, 2614.171875, 618.0, 2844.171875)
(1257.25, 51.5, 1343.25, 81.5)
(606.671875, 1946.34375, 914.671875, 1963.34375)
(592.96875, 5124.234375, 612.96875, 5144.234375)
(732.59375, 5816.546875, 732.59375, 5832.546875)
(649.0, 7269.78125, 782.0, 7288.78125)
(665.03125, 7608.78125, 775.03125, 7627.78125)
(689.046875, 2117.171875, 689.046875, 2133.171875)
(867.9375, 4902.765625, 1147.9375, 5223.765625)
(606.671875, 3855.1875, 626.671875, 3875.1875)
(324.0, 6104.546875, 702.0, 6298.546875)
(1070.828125, 6941.8125, 1070.828125, 6941.8125)
(1417.140625, 7608.78125, 1469.140625, 7629.78125)
(753.953125, 6702.1875, 769.953125, 6718.1875)
(298.0, 5.0, 383.0, 29.0)
(1184.03125, 2166.15625, 1293.03125, 2182.15625)
(948.0, 2796.390625, 1258.0, 2834.390625)
(748.328125, 6879.3125, 922.328125, 6932.3125)
(623.0, 4374.015625, 943.0, 4625.015625)
(625.46875, 7865.78125, 625.46875, 7887.78125)
(606.671875, 3846.1875, 1131.671875, 3944.1875)
(606.671875, 5894.375, 1131.671875, 5992.375)
(654.09375, 2796.390625, 912.09375, 2815.390625)
(753.953125, 6111.703125, 1278.953125, 6233.703125)
(422.546875, 7374.78125, 422.546875, 7393.78125)
(606.671875, 2310.84375, 747.671875, 2326.84375)
(606.671875, 2042.171875, 626.671875, 2062.171875)
(1163.03125, 5346.234375, 1583.03125, 6033.234375)
(649.0, 7374.78125, 665.0, 7393.78125)
(969.0, 7245.78125, 1160.0, 7266.78125)
(641.5, 6923.78125, 727.5, 6947.78125)
(1289.0, 7182.78125, 1557.0, 7266.78125)
(304.0, 53.5, 327.0, 79.5)
(324.0, 6298.515625, 702.0, 6322.515625)
(879.875, 6216.703125, 879.875, 6232.703125)
(324.0, 2920.390625, 702.0, 3114.390625)
(1289.0, 7296.78125, 1309.0, 7316.78125)
(1289.0, 7374.78125, 1398.0, 7393.78125)
(753.953125, 3290.703125, 1189.953125, 3320.703125)
(769.984375, 6374.03125, 879.984375, 6390.03125)
(308.0, 153.0, 794.0, 177.0)
(0.0, 0.0, 478.0, 168.0)
(0.0, 0.0, 1297.0, 72.0)
(948.03125, 592.6875, 1235.03125, 655.6875)
(1305.03125, 7608.78125, 1402.03125, 7627.78125)
(959.03125, 966.15625, 1224.03125, 1014.15625)
(606.671875, 5612.21875, 1131.671875, 5633.21875)
(606.671875, 4012.515625, 626.671875, 4032.515625)
(959.0, 4560.015625, 1247.0, 4579.015625)
(1143.390625, 7560.78125, 1143.390625, 7579.78125)
(293.0, 143.0, 1593.0, 187.0)
(639.0, 7406.78125, 927.0, 7535.78125)
(319.0, 4531.015625, 607.0, 4555.015625)
(639.0, 4531.015625, 927.0, 4555.015625)
(606.671875, 1874.34375, 626.671875, 1894.34375)
(784.90625, 51.5, 833.90625, 81.5)
(743.953125, 6094.546875, 1571.953125, 6250.546875)
(769.984375, 3186.875, 871.984375, 3207.875)
(463.734375, 7632.78125, 514.734375, 7653.78125)
(943.0, 7766.78125, 943.0, 7766.78125)
(606.671875, 5714.546875, 1131.671875, 5833.546875)
(298.0, 4697.015625, 1588.0, 5234.015625)
(606.671875, 5716.546875, 971.671875, 5746.546875)
(324.0, 733.515625, 907.0, 904.515625)
(969.0, 7245.78125, 985.0, 7264.78125)
(753.953125, 3348.703125, 1062.953125, 3365.703125)
(425.828125, 6874.8125, 599.828125, 6931.8125)
(665.03125, 7502.78125, 752.03125, 7523.78125)
(313.0, 3646.703125, 1143.0, 3805.703125)
(959.0, 4589.015625, 959.0, 4589.015625)
(313.0, 5694.890625, 1143.0, 5853.890625)
(851.125, 7842.78125, 901.125, 7866.78125)
(1070.625, 7350.78125, 1070.625, 7369.78125)
(622.828125, 5.0, 726.828125, 29.0)
(727.953125, 6078.546875, 1587.953125, 6775.546875)
(622.703125, 3744.359375, 732.703125, 3765.359375)
(753.953125, 6702.1875, 865.953125, 6718.1875)
(753.953125, 3440.53125, 1278.953125, 3488.53125)
(704.046875, 2117.171875, 877.046875, 2134.171875)
(753.953125, 3189.875, 769.953125, 3205.875)
(298.0, 1347.1875, 1588.0, 1753.1875)
(1268.0, 2614.171875, 1578.0, 2844.171875)
(1289.0, 7292.78125, 1557.0, 7364.78125)
(1184.03125, 4022.671875, 1312.03125, 4038.671875)
(308.0, 4149.6875, 1148.0, 4318.6875)
(303.0, 1352.1875, 623.0, 1748.1875)
(623.0, 1352.1875, 943.0, 1748.1875)
(1168.03125, 1830.1875, 1578.03125, 2200.1875)
(313.0, 5115.234375, 583.0, 5219.234375)
(872.9375, 4907.765625, 1142.9375, 5114.765625)
(1200.0625, 4956.0, 1342.0625, 4977.0)
(303.0, 6604.1875, 723.0, 6730.1875)
(303.0, 7014.78125, 1583.0, 7721.78125)
(628.0, 7019.78125, 938.0, 7676.78125)
(293.0, 0.0, 1593.0, 34.0)
(298.0, 6078.546875, 1588.0, 6776.546875)
(753.953125, 3020.546875, 769.953125, 3036.546875)
(345.03125, 7632.78125, 449.03125, 7651.78125)
(851.125, 7842.78125, 945.125, 8034.78125)
(851.125, 7842.78125, 945.125, 7866.78125)
(753.953125, 6216.703125, 1066.953125, 6233.703125)
(737.953125, 6088.546875, 1577.953125, 6257.546875)
(1305.03125, 7139.78125, 1415.03125, 7160.78125)
(323.0, 1414.015625, 462.0, 1492.015625)
(324.0, 1846.1875, 1132.0, 1982.1875)
(1289.0, 7608.78125, 1469.0, 7629.78125)
(665.46875, 7938.78125, 787.46875, 7962.78125)
(1558.015625, 59.0, 1578.015625, 79.0)
(324.0, 6448.515625, 452.0, 6464.515625)
(959.0, 1565.1875, 1247.0, 1589.1875)
(649.0, 7418.78125, 914.0, 7496.78125)
(341.453125, 732.515625, 889.453125, 811.515625)
(726.546875, 5.0, 837.546875, 29.0)
(581.953125, 1437.1875, 581.953125, 1461.1875)
(298.0, 1347.1875, 1588.0, 3632.1875)
(308.0, 1830.1875, 1148.0, 2514.1875)
(1276.5, 6853.859375, 1577.5, 6957.859375)
(1402.140625, 7245.78125, 1402.140625, 7264.78125)
(606.671875, 2186.84375, 1115.671875, 2240.84375)
(487.0625, 888.015625, 628.0625, 904.015625)
(641.5, 6863.859375, 922.5, 6947.859375)
(606.671875, 1946.34375, 741.671875, 1962.34375)
(959.0, 4390.015625, 1247.0, 4550.015625)
(313.0, 936.515625, 508.0, 1114.515625)
(313.0, 426.0, 918.0, 917.0)
(1538.0, 143.0, 1578.0, 187.0)
(324.0, 4278.015625, 587.0, 4302.015625)
(308.0, 153.0, 1538.0, 177.0)
(1268.0, 2791.390625, 1578.0, 2844.390625)
(298.0, 7766.78125, 1588.0, 7766.78125)
(1085.625, 7350.78125, 1135.625, 7371.78125)
(769.984375, 3020.546875, 871.984375, 3036.546875)
(644.0, 1397.1875, 922.0, 1541.1875)
(303.0, 3430.53125, 723.0, 3546.53125)
(1297.171875, 4022.671875, 1297.171875, 4038.671875)
(298.0, 4369.015625, 1588.0, 4630.015625)
(606.671875, 5559.21875, 1131.671875, 5607.21875)
(753.953125, 3428.375, 1561.953125, 3564.375)
(969.0, 7086.78125, 989.0, 7106.78125)
(660.03125, 1706.1875, 757.03125, 1727.1875)
(324.0, 2127.84375, 587.0, 2151.84375)
(319.0, 4555.015625, 607.0, 4589.015625)
(303.0, 416.0, 928.0, 1172.0)
(314.0, 2350.84375, 1142.0, 2506.84375)
(1200.0625, 4022.671875, 1297.0625, 4038.671875)
(0.0, 271.0, 1886.0, 271.0)
(592.96875, 5117.234375, 851.96875, 5147.234375)
(1184.03125, 5367.234375, 1562.03125, 5561.234375)
(769.984375, 3017.546875, 871.984375, 3038.546875)
(293.0, 99.0, 1593.0, 143.0)
(1184.03125, 5566.203125, 1562.03125, 5638.203125)
(303.0, 7014.78125, 623.0, 7681.78125)
(314.0, 6094.546875, 712.0, 6475.546875)
(623.0, 7014.78125, 943.0, 7681.78125)
(606.671875, 2117.171875, 876.671875, 2134.171875)
(437.140625, 3285.359375, 437.140625, 3301.359375)
(1414.921875, 7479.78125, 1414.921875, 7498.78125)
(959.03125, 1019.15625, 1224.03125, 1124.15625)
(293.0, 271.0, 1593.0, 411.0)
(753.953125, 3293.703125, 1278.953125, 3317.703125)
(1320.515625, 5856.375, 1425.515625, 5993.375)
(1299.3125, 3089.71875, 1562.3125, 3225.71875)
(298.0, 271.0, 1588.0, 411.0)
(649.0, 7077.78125, 917.0, 7185.78125)
(313.0, 1027.1875, 508.0, 1051.1875)
(303.0, 2899.390625, 723.0, 3430.390625)
(606.671875, 3848.1875, 1091.671875, 3878.1875)
(753.953125, 6374.03125, 769.953125, 6390.03125)
(753.953125, 6216.703125, 894.953125, 6232.703125)
(737.953125, 2904.390625, 1577.953125, 3581.390625)
(622.703125, 5456.890625, 732.703125, 5472.890625)
(1168.03125, 5351.234375, 1578.03125, 5724.234375)
(425.828125, 6941.8125, 425.828125, 6941.8125)
(324.0, 2360.84375, 587.0, 2496.84375)
(1184.03125, 3851.671875, 1562.03125, 4039.671875)
(308.0, 5520.5625, 1148.0, 5690.5625)
(324.0, 2360.84375, 1132.0, 2496.84375)
(753.953125, 6302.03125, 773.953125, 6322.03125)
(0.0, 100.0, 1886.0, 100.0)
(303.0, 926.515625, 928.0, 1171.515625)
(398.1875, 5.0, 484.1875, 29.0)
(298.0, 3631.703125, 1588.0, 5313.703125)
(948.0, 7019.78125, 1258.0, 7676.78125)
(753.953125, 3348.703125, 894.953125, 3364.703125)
(948.03125, 601.6875, 968.03125, 621.6875)
(628.0, 2614.171875, 938.0, 2786.171875)
(329.0, 7140.78125, 345.0, 7159.78125)
(606.671875, 2193.84375, 626.671875, 2213.84375)
(313.0, 4154.6875, 1143.0, 4313.6875)
(1299.3125, 6612.53125, 1562.3125, 6743.53125)
(1286.5, 6863.859375, 1373.5, 6947.859375)
(308.0, 4707.015625, 1148.0, 4893.015625)
(1280.5, 701.0, 1588.5, 701.0)
(298.0, 2894.390625, 728.0, 3591.390625)
(324.0, 3143.359375, 702.0, 3191.359375)
(324.0, 5479.5625, 587.0, 5503.5625)
(1312.171875, 4022.671875, 1353.171875, 4039.671875)
(324.0, 4108.6875, 587.0, 4132.6875)
(329.0, 7182.78125, 597.0, 7266.78125)
(329.0, 7374.78125, 489.0, 7395.78125)
(606.671875, 5430.890625, 1131.671875, 5451.890625)
(606.671875, 1899.34375, 1131.671875, 1941.34375)
(622.703125, 5816.546875, 732.703125, 5832.546875)
(753.953125, 6477.859375, 1278.953125, 6501.859375)
(1279.0, 4557.015625, 1501.0, 4581.015625)
(1270.5, 6847.859375, 1583.5, 6964.859375)
(1070.828125, 6869.8125, 1244.828125, 6941.8125)
(639.0, 7535.78125, 927.0, 7640.78125)
(649.0, 7608.78125, 842.0, 7629.78125)
(969.0, 7455.78125, 1095.0, 7474.78125)
(851.125, 7847.78125, 867.125, 7863.78125)
(324.0, 738.515625, 907.0, 805.515625)
(948.03125, 655.6875, 948.03125, 655.6875)
(737.953125, 6088.546875, 1577.953125, 6765.546875)
(1279.0, 1594.1875, 1567.0, 1613.1875)
(959.0, 7277.78125, 1247.0, 7382.78125)
(948.03125, 426.0, 1235.03125, 656.0)
(324.0, 3827.03125, 587.0, 3963.03125)
(308.0, 2614.171875, 618.0, 2614.171875)
(324.0, 5875.21875, 587.0, 6011.21875)
(737.953125, 3073.71875, 1577.953125, 3243.71875)
(1289.0, 7608.78125, 1417.0, 7627.78125)
(293.0, 187.0, 1593.0, 231.0)
(1018.90625, 1129.15625, 1164.90625, 1146.15625)
(644.0, 1709.1875, 816.0, 1726.1875)
(1373.0, 2342.15625, 1373.0, 2342.15625)
(1184.03125, 3933.671875, 1562.03125, 4017.671875)
(463.734375, 7632.78125, 515.734375, 7653.78125)
(959.0, 1623.1875, 959.0, 1623.1875)
(1168.03125, 5093.609375, 1578.03125, 5093.609375)
(743.953125, 6433.203125, 1571.953125, 6589.203125)
(293.0, 7842.78125, 1593.0, 8034.78125)
(313.0, 5202.234375, 329.0, 5218.234375)
(308.0, 6088.546875, 718.0, 6482.546875)
(1389.875, 44.0, 1587.875, 89.0)
(517.984375, 936.515625, 712.984375, 1051.515625)
(943.0, 6842.859375, 1266.0, 6969.859375)
(329.0, 7547.78125, 580.0, 7625.78125)
(298.0, 52.5, 333.0, 80.5)
(298.0, 411.0, 933.0, 1177.0)
(985.03125, 7349.78125, 1071.03125, 7370.78125)
(1279.0, 4589.015625, 1279.0, 4589.015625)
(969.0, 7082.78125, 1237.0, 7130.78125)
(769.984375, 3348.703125, 879.984375, 3364.703125)
(324.0, 6298.515625, 368.0, 6322.515625)
(298.0, 5274.234375, 1588.0, 5274.234375)
(766.734375, 7374.78125, 766.734375, 7393.78125)
(426.078125, 153.0, 794.078125, 177.0)
(1289.0, 7421.78125, 1557.0, 7469.78125)
(308.0, 153.0, 422.0, 177.0)
(606.671875, 2392.5, 1129.671875, 2422.5)
(606.671875, 5554.21875, 1131.671875, 5655.21875)
(1289.0, 7418.78125, 1495.0, 7472.78125)
(329.0, 7292.78125, 597.0, 7364.78125)
(873.6875, 6532.859375, 873.6875, 6548.859375)
(639.0, 7034.78125, 644.0, 7053.78125)
(606.671875, 4005.515625, 1120.671875, 4059.515625)
(1168.03125, 3641.703125, 1578.03125, 4056.703125)
(0.0, 0.0, 1886.0, 48.0)
(329.0, 7187.78125, 597.0, 7235.78125)
(314.0, 5526.5625, 1142.0, 5682.5625)
(649.0, 7316.78125, 917.0, 7364.78125)
(969.0, 7455.78125, 1145.0, 7476.78125)
(644.0, 1397.1875, 922.0, 1726.1875)
(1289.0, 7479.78125, 1430.0, 7498.78125)
(753.953125, 6532.859375, 888.953125, 6548.859375)
(665.46875, 7962.78125, 811.46875, 7986.78125)
(606.671875, 4108.515625, 795.671875, 4124.515625)
(303.0, 6083.546875, 723.0, 6604.546875)
(324.0, 1846.1875, 587.0, 1982.1875)
(879.875, 3348.703125, 879.875, 3364.703125)
(1200.0625, 2163.15625, 1278.0625, 2184.15625)
(606.671875, 2310.84375, 916.671875, 2327.84375)
(766.796875, 7503.78125, 818.796875, 7524.78125)
(324.0, 4723.015625, 1132.0, 4876.015625)
(0.0, 0.0, 426.0, 192.0)
(437.140625, 6448.515625, 437.140625, 6464.515625)
(722.96875, 936.515625, 917.96875, 1162.515625)
(324.0, 2188.171875, 587.0, 2325.171875)
(313.0, 936.515625, 508.0, 1051.515625)
(722.96875, 1053.1875, 887.96875, 1155.1875)
(324.0, 3196.359375, 702.0, 3280.359375)
(0.0, 0.0, 18.0, 17.0)
(724.46875, 4267.34375, 897.46875, 4284.34375)
(639.0, 7067.78125, 927.0, 7196.78125)
(665.46875, 8010.78125, 811.46875, 8034.78125)
(959.0, 1589.1875, 1247.0, 1623.1875)
(313.0, 4712.015625, 1143.0, 4888.015625)
(313.0, 2909.390625, 713.0, 3314.390625)
(518.390625, 7503.78125, 570.390625, 7524.78125)
(606.671875, 2035.171875, 1128.671875, 2089.171875)
(665.03125, 7268.78125, 767.03125, 7289.78125)
(483.828125, 5.0, 622.828125, 29.0)
(1094.921875, 7140.78125, 1094.921875, 7159.78125)
(644.0, 1517.1875, 922.0, 1541.1875)
(0.0, 0.0, 52.0, 21.0)
(1268.0, 2614.171875, 1578.0, 2614.171875)
(622.703125, 1946.34375, 726.703125, 1962.34375)
(345.03125, 7374.78125, 423.03125, 7393.78125)
(737.953125, 3243.046875, 1577.953125, 3412.046875)
(1018.90625, 1129.65625, 1146.90625, 1145.65625)
(1268.0, 2614.171875, 1578.0, 2791.171875)
(329.0, 7245.78125, 522.0, 7266.78125)
(943.03125, 421.0, 1240.03125, 661.0)
(329.0, 7632.78125, 345.0, 7651.78125)
(319.0, 7406.78125, 607.0, 7535.78125)
(0.0, 8044.78125, 1886.0, 8127.78125)
(398.671875, 109.0, 819.671875, 133.0)
(324.0, 4762.390625, 360.0, 4798.390625)
(1279.0, 7030.78125, 1567.0, 7067.78125)
(324.0, 5367.234375, 1132.0, 5503.234375)
(622.703125, 2447.5, 708.703125, 2468.5)
(308.0, 421.0, 923.0, 922.0)
(732.953125, 6083.546875, 1582.953125, 6770.546875)
(313.0, 1053.1875, 503.0, 1107.1875)
(753.953125, 3189.875, 886.953125, 3205.875)
(753.953125, 3259.046875, 1561.953125, 3395.046875)
(324.0, 1958.515625, 587.0, 1982.515625)
(329.0, 7245.78125, 470.0, 7264.78125)
(665.03125, 7374.78125, 767.03125, 7393.78125)
(1289.0, 7245.78125, 1305.0, 7264.78125)
(479.0, 7940.78125, 625.0, 7940.78125)
(303.0, 416.0, 928.0, 927.0)
(517.984375, 1051.1875, 712.984375, 1114.1875)
(1417.140625, 7245.78125, 1469.140625, 7266.78125)
(753.953125, 6298.03125, 1278.953125, 6322.03125)
(665.46875, 7914.78125, 811.46875, 7938.78125)
(959.0, 1368.1875, 1247.0, 1589.1875)
(1173.03125, 3646.703125, 1573.03125, 4051.703125)
(769.984375, 3540.53125, 879.984375, 3556.53125)
(298.0, 6078.546875, 1588.0, 6775.546875)
(1109.921875, 7245.78125, 1159.921875, 7266.78125)
(1279.0, 7067.78125, 1567.0, 7172.78125)
(727.953125, 2894.390625, 1587.953125, 3591.390625)
(1184.03125, 2045.15625, 1562.03125, 2093.15625)
(753.953125, 6273.875, 1561.953125, 6409.875)
(592.96875, 4907.765625, 862.96875, 5109.765625)
(753.953125, 6295.03125, 1121.953125, 6325.03125)
(319.0, 7277.78125, 607.0, 7406.78125)
(612.984375, 888.015625, 612.984375, 904.015625)
(0.0, 99.0, 1886.0, 271.0)
(606.671875, 3721.359375, 1131.671875, 3742.359375)
(324.0, 4757.390625, 849.0, 4798.390625)
(1393.328125, 6874.8125, 1567.328125, 6931.8125)
(503.390625, 7503.78125, 503.390625, 7522.78125)
(1174.03125, 4713.015625, 1572.03125, 4986.015625)
(308.0, 5314.234375, 463.0, 5341.234375)
(518.390625, 7503.78125, 569.390625, 7524.78125)
(1109.921875, 7140.78125, 1159.921875, 7161.78125)
(319.0, 6863.859375, 406.0, 6942.859375)
(753.953125, 3540.53125, 894.953125, 3556.53125)
(1184.03125, 5570.203125, 1204.03125, 5590.203125)
(324.0, 3939.359375, 587.0, 3963.359375)
(324.0, 5987.546875, 587.0, 6011.546875)
(894.875, 3348.703125, 1062.875, 3365.703125)
(323.0, 1382.1875, 462.0, 1529.1875)
(345.03125, 7139.78125, 455.03125, 7160.78125)
(0.0, 0.0, 51.0, 21.0)
(1289.0, 7140.78125, 1305.0, 7159.78125)
(1018.90625, 1129.65625, 1034.90625, 1145.65625)
(324.0, 3657.703125, 587.0, 3793.703125)
(324.0, 5705.890625, 587.0, 5841.890625)
(1291.171875, 5690.203125, 1335.171875, 5707.203125)
(557.140625, 7921.78125, 563.140625, 7937.78125)
(606.671875, 5719.546875, 1131.671875, 5743.546875)
(742.953125, 6432.203125, 1572.953125, 6591.203125)
(324.0, 2015.515625, 587.0, 2151.515625)
(1070.828125, 6874.8125, 1244.828125, 6931.8125)
(1289.0, 7374.78125, 1449.0, 7395.78125)
(503.09375, 885.015625, 613.09375, 906.015625)
(592.96875, 5091.234375, 862.96875, 5115.234375)
(1257.25, 51.5, 1344.25, 81.5)
(622.703125, 2307.84375, 732.703125, 2328.84375)
(308.0, 109.0, 395.0, 133.0)
(340.03125, 3285.359375, 437.03125, 3301.359375)
(308.0, 3641.703125, 1148.0, 3810.703125)
(308.0, 5689.890625, 1148.0, 5858.890625)
(872.9375, 4907.765625, 1142.9375, 5218.765625)
(649.0, 7211.78125, 917.0, 7259.78125)
(606.671875, 3851.1875, 1131.671875, 3875.1875)
(606.671875, 5899.375, 1131.671875, 5923.375)
(1279.0, 4390.015625, 1567.0, 4555.015625)
(757.140625, 1709.1875, 757.140625, 1725.1875)
(606.671875, 2033.171875, 1131.671875, 2134.171875)
(606.671875, 2450.5, 891.671875, 2467.5)
(1299.3125, 6555.53125, 1562.3125, 6579.53125)
(0.0, 0.0, 14.0, 20.0)
(724.46875, 2450.5, 891.46875, 2467.5)
(649.0, 7164.78125, 758.0, 7183.78125)
(969.0, 7560.78125, 985.0, 7579.78125)
(1299.3125, 3089.71875, 1562.3125, 3220.71875)
(308.0, 2904.390625, 718.0, 3319.390625)
(1289.0, 7077.78125, 1557.0, 7161.78125)
(606.671875, 2038.171875, 1131.671875, 2086.171875)
(324.0, 3657.703125, 1132.0, 3793.703125)
(324.0, 5705.890625, 1132.0, 5841.890625)
(665.46875, 7842.78125, 762.46875, 7866.78125)
(319.0, 4560.015625, 607.0, 4579.015625)
(753.953125, 3020.546875, 1054.953125, 3037.546875)
(308.0, 2614.171875, 618.0, 2791.171875)
(665.46875, 7842.78125, 811.46875, 7866.78125)
(644.0, 1709.1875, 772.0, 1725.1875)
(1289.0, 7086.78125, 1309.0, 7106.78125)
(606.671875, 2395.5, 1131.671875, 2419.5)
(743.953125, 3249.046875, 1571.953125, 3405.046875)
(606.671875, 5456.890625, 747.671875, 5472.890625)
(313.0, 1056.1875, 508.0, 1104.1875)
(1200.0625, 4019.671875, 1297.0625, 4040.671875)
(753.953125, 3020.546875, 886.953125, 3036.546875)
(303.0, 276.0, 1583.0, 366.0)
(1286.5, 6923.78125, 1372.5, 6947.78125)
(1200.0625, 2166.15625, 1278.0625, 2182.15625)
(871.6875, 3189.875, 871.6875, 3205.875)
(606.671875, 2117.171875, 622.671875, 2133.171875)
(622.703125, 2114.171875, 688.703125, 2135.171875)
(709.46875, 4267.34375, 709.46875, 4283.34375)
(309.0, 7020.78125, 617.0, 7674.78125)
(781.734375, 7269.78125, 833.734375, 7290.78125)
(319.0, 4557.015625, 454.0, 4581.015625)
(-7.0, 231.0, 1893.0, 1431.0)
(737.953125, 6427.203125, 1577.953125, 6596.203125)
(649.0, 7503.78125, 767.0, 7522.78125)
(665.46875, 7842.78125, 811.46875, 8034.78125)
(461.25, 1217.1875, 1087.25, 1307.1875)
(319.0, 4589.015625, 319.0, 4589.015625)
(324.0, 6380.515625, 702.0, 6443.515625)
(781.0625, 4108.515625, 781.0625, 4124.515625)
(1289.0, 7608.78125, 1305.0, 7627.78125)
(726.546875, 5.0, 822.546875, 29.0)
(314.0, 3647.703125, 1142.0, 3803.703125)
(1184.03125, 3827.671875, 1562.03125, 3851.671875)
(606.671875, 1870.34375, 1131.671875, 1894.34375)
(644.0, 1709.1875, 660.0, 1725.1875)
(314.0, 5695.890625, 1142.0, 5851.890625)
(1263.0, 1352.1875, 1583.0, 1748.1875)
(649.0, 7082.78125, 917.0, 7154.78125)
(558.453125, 7842.78125, 558.453125, 7864.78125)
(1289.0, 7523.78125, 1511.0, 7601.78125)
(649.0, 7164.78125, 665.0, 7183.78125)
(313.0, 7842.78125, 439.0, 7877.78125)
(324.0, 3996.359375, 1132.0, 4132.359375)
(1567.734375, 112.0, 1577.734375, 130.0)
(293.0, 411.0, 1593.0, 7807.0)
(1280.5, 411.0, 1588.5, 661.0)
(1289.0, 7479.78125, 1482.0, 7500.78125)
(811.125, 7866.78125, 811.125, 7890.78125)
(1299.3125, 6386.203125, 1562.3125, 6410.203125)
(649.0, 7550.78125, 917.0, 7598.78125)
(1094.875, 7455.78125, 1144.875, 7476.78125)
(324.0, 3827.03125, 1132.0, 3963.03125)
(1184.03125, 4854.0, 1562.03125, 4976.0)
(324.0, 5875.21875, 1132.0, 6011.21875)
(298.0, 7009.78125, 1588.0, 7726.78125)
(340.03125, 4829.390625, 427.03125, 4845.390625)
(340.03125, 6445.515625, 437.03125, 6466.515625)
(605.78125, 51.5, 680.78125, 81.5)
(948.03125, 568.6875, 1235.03125, 592.6875)
(1079.875, 7455.78125, 1079.875, 7474.78125)
(0.0, 0.0, 4.0, 4.0)
(324.0, 3140.359375, 666.0, 3194.359375)
(0.0, 0.0, 432.0, 192.0)
(1393.328125, 6941.8125, 1393.328125, 6941.8125)
(649.0, 7311.78125, 917.0, 7395.78125)
(969.0, 7289.78125, 1225.0, 7343.78125)
(1184.03125, 3657.703125, 1562.03125, 3846.703125)
(452.140625, 3285.359375, 463.140625, 3302.359375)
(319.0, 4390.015625, 607.0, 4555.015625)
(298.0, 6815.859375, 1588.0, 6969.859375)
(1299.3125, 6104.546875, 1562.3125, 6235.546875)
(606.671875, 5456.890625, 920.671875, 5473.890625)
(606.671875, 5556.21875, 1099.671875, 5610.21875)
(454.921875, 7140.78125, 454.921875, 7159.78125)
(1173.03125, 1835.1875, 1573.03125, 2195.1875)
(743.953125, 6263.875, 1571.953125, 6419.875)
(1286.5, 6863.859375, 1373.5, 6942.859375)
(1200.0625, 5687.203125, 1276.0625, 5708.203125)
(313.0, 2349.84375, 1143.0, 2508.84375)
(606.671875, 5816.546875, 919.671875, 5833.546875)
(313.0, 7842.78125, 1583.0, 8034.78125)
(943.0, 5274.234375, 943.0, 5274.234375)
(1279.0, 7511.78125, 1567.0, 7640.78125)
(606.671875, 3880.1875, 1131.671875, 3922.1875)
(606.671875, 5928.375, 1131.671875, 5970.375)
(517.984375, 936.515625, 712.984375, 1046.515625)
(482.296875, 1382.1875, 603.296875, 1427.1875)
(1184.03125, 4723.015625, 1562.03125, 4976.015625)
(757.546875, 7164.78125, 809.546875, 7185.78125)
(639.0, 7196.78125, 927.0, 7301.78125)
(969.0, 7187.78125, 1237.0, 7235.78125)
(314.0, 2174.84375, 1142.0, 2337.84375)
(1299.3125, 2920.390625, 1562.3125, 3056.390625)
(1373.0, 5861.375, 1373.0, 5861.375)
(747.59375, 5456.890625, 920.59375, 5473.890625)
(324.0, 4750.390625, 812.0, 4803.390625)
(606.671875, 5638.21875, 622.671875, 5654.21875)
(324.0, 437.0, 907.0, 905.0)
(954.0, 6853.859375, 1255.0, 6957.859375)
(324.0, 6327.515625, 702.0, 6375.515625)
(969.0, 7350.78125, 1136.0, 7371.78125)
(324.0, 1846.1875, 587.0, 1977.1875)
(1168.03125, 4172.84375, 1578.03125, 4172.84375)
(606.671875, 5401.890625, 1131.671875, 5425.890625)
(0.0, 0.0, 94.0, 24.0)
(732.59375, 3747.359375, 732.59375, 3763.359375)
(959.0, 7487.78125, 1247.0, 7592.78125)
(606.671875, 2399.5, 626.671875, 2419.5)
(345.03125, 7140.78125, 455.03125, 7159.78125)
(1567.734375, 200.0, 1577.734375, 218.0)
(985.03125, 7140.78125, 1095.03125, 7159.78125)
(324.0, 2188.171875, 587.0, 2324.171875)
(308.0, 5351.234375, 1148.0, 5520.234375)
(741.40625, 1946.34375, 914.40625, 1963.34375)
(324.0, 4803.390625, 849.0, 4824.390625)
(872.9375, 5117.234375, 1123.9375, 5195.234375)
(742.953125, 6093.546875, 1572.953125, 6252.546875)
(324.0, 3090.359375, 702.0, 3114.359375)
(753.953125, 3348.703125, 769.953125, 3364.703125)
(606.671875, 3689.359375, 1005.671875, 3719.359375)
(748.328125, 6932.3125, 748.328125, 6932.3125)
(329.0, 7184.78125, 554.0, 7238.78125)
(753.953125, 3437.53125, 1259.953125, 3491.53125)
(1289.0, 7184.78125, 1514.0, 7238.78125)
(888.96875, 5202.234375, 1030.96875, 5218.234375)
(313.0, 936.515625, 508.0, 1046.515625)
(1174.03125, 5357.234375, 1572.03125, 5717.234375)
(313.0, 1835.1875, 1143.0, 1994.1875)
(606.671875, 2424.5, 1131.671875, 2445.5)
(753.953125, 2944.546875, 1278.953125, 2968.546875)
(482.296875, 1382.1875, 603.296875, 1529.1875)
(1299.3125, 3259.046875, 1562.3125, 3390.046875)
(0.0, 0.0, 41.0, 17.0)
(324.0, 4829.390625, 611.0, 4846.390625)
(1268.0, 2614.171875, 1578.0, 2786.171875)
(894.875, 6216.703125, 1066.875, 6233.703125)
(324.0, 3996.359375, 587.0, 4127.359375)
(606.671875, 4003.515625, 1131.671875, 4125.515625)
(298.0, 5314.234375, 1588.0, 6038.234375)
(665.03125, 7373.78125, 767.03125, 7394.78125)
(969.0, 7184.78125, 1232.0, 7238.78125)
(487.0625, 887.515625, 744.0625, 904.515625)
(742.953125, 3248.046875, 1572.953125, 3407.046875)
(769.984375, 3537.53125, 879.984375, 3558.53125)
(1279.0, 1565.1875, 1567.0, 1589.1875)
