(0, 0, 0, 0)
(-280, 254, 0, 295)
(1012.234375, 3332.46875, 1124.234375, 3347.46875)
(498.5, 2504.34375, 1114.5, 2677.34375)
(677.203125, 2561.34375, 774.203125, 2581.34375)
(1100.5, 3571.46875, 1116.5, 3583.46875)
(546.5, 3693.46875, 638.5, 3709.46875)
(0, 0, 0, 0)
(0, 0, 0, 0)
(1146.5, 136, 1414.5, 308)
(989.375, 3261.46875, 1021.375, 3293.46875)
(1010.5, 757.125, 1074.5, 821.125)
(1146.5, 136, 1414.5, 261)
(546.5, 4106.46875, 625.5, 4122.46875)
(509.5, 3084.34375, 1103.5, 3084.34375)
(817.5, 632, 849.5, 647)
(642.0625, 1583.125, 806.0625, 1632.125)
(506.5, 2581.34375, 1106.5, 2581.34375)
(498.5, 2754.34375, 1114.5, 2823.34375)
(949.75, 3261.46875, 981.75, 3293.46875)
(763.828125, 3437.46875, 1114.828125, 3464.46875)
(664.328125, 895.125, 784.328125, 915.125)
(498.5, 1462.125, 1114.5, 1687.125)
(851.671875, 1632.125, 1004.671875, 1652.125)
(910.125, 3261.46875, 942.125, 3293.46875)
(494.5, 3630.46875, 528.5, 3664.46875)
(926.5, 809.125, 990.5, 824.125)
(817.5, 3009.34375, 1103.5, 3084.34375)
(1378.5, 1051, 1410.5, 1083)
(490.5, 138, 654.5, 302)
(846.296875, 3332.46875, 1001.296875, 3347.46875)
(1146.5, 537, 1414.5, 723)
(1188.5, 944, 1414.5, 959)
(964.71875, 2793.34375, 1114.71875, 2823.34375)
(498.5, 344, 1114.5, 374)
(509.5, 666, 1103.5, 686)
(704.5, 1462.125, 802.5, 1560.125)
(1012.5, 1740.125, 1114.5, 1913.125)
(498.5, 3251.46875, 1114.5, 3303.46875)
(-280, 114, 0, 362)
(498.5, 2732.34375, 1114.5, 2732.34375)
(0, 0, 0, 0)
(1013.5, 1462.125, 1111.5, 1560.125)
(819.5, 3034.34375, 1070.5, 3042.34375)
(488.5, 3347.46875, 1124.5, 3347.46875)
(546.5, 4125.46875, 1090.5, 4143.46875)
(819.5, 594, 1070.5, 602)
(498.5, 1740.125, 1006.5, 2026.125)
(1146.5, 405, 1414.5, 723)
(690.5, 2931.34375, 891.5, 2947.34375)
(682.5, 64, 829.5, 252)
(1146.5, 443, 1414.5, 497)
(674.5, 809.125, 738.5, 824.125)
(498.5, 3230.46875, 682.5, 3245.46875)
(488.5, 4163.46875, 1124.5, 4209.46875)
(1146.5, 537, 1414.5, 571)
(546.5, 3629.46875, 609.5, 3645.46875)
(-280, 320, 0, 361)
(-268, 973, -176, 999)
(488.5, 344, 1124.5, 4210)
(0, 0, 1903, 4368)
(476.5, 328, 1426.5, 4274)
(498.5, 749.125, 1114.5, 923.125)
(1188.5, 929, 1351.5, 944)
(509.5, 3106.34375, 1103.5, 3126.34375)
(498.5, 976.125, 1114.5, 1182.125)
(808.5, 1061.125, 904.5, 1076.125)
(817.5, 3009.34375, 890.5, 3024.34375)
(0, 0, 0, 0)
(705.5, 1547.125, 801.5, 1562.125)
(604.5, 1235.125, 684.5, 1315.125)
(936.375, 3052.34375, 968.375, 3084.34375)
(488.5, 2746.34375, 1124.5, 2892.34375)
(1028.5, 1303.125, 1108.5, 1318.125)
(546.5, 3757.46875, 613.5, 3773.46875)
(1012.5, 2122.34375, 1114.5, 2397.34375)
(488.5, 3165.46875, 1124.5, 3311.46875)
(493.5, 3757.46875, 529.5, 3793.46875)
(509.5, 2850.34375, 582.5, 2865.34375)
(488.5, 4210.46875, 1414.5, 4210.46875)
(1146.5, 911, 1178.5, 926)
(604.5, 1303.125, 684.5, 1318.125)
(705.5, 1080.125, 801.5, 1176.125)
(1179.890625, 6, 1316.890625, 27)
(669.484375, 473, 765.484375, 542)
(1012.5, 2260.34375, 1114.5, 2318.34375)
(963.5, 2665.34375, 1111.5, 2680.34375)
(498.5, 2621.34375, 646.5, 2677.34375)
(509.5, 3094.34375, 1103.5, 3096.34375)
(1146.5, 405, 1414.5, 497)
(1090.5, 3565.46875, 1116.5, 3585.46875)
(1193.5, 1095, 1378.5, 1121)
(498.5, 2430.34375, 514.5, 2446.34375)
(498.5, 1235.125, 1114.5, 1315.125)
(498.5, 2504.34375, 1114.5, 2589.34375)
(-280, 973, 0, 1080)
(488.5, 2746.34375, 1124.5, 2892.34375)
(1015.625, 3052.34375, 1047.625, 3084.34375)
(499.5, 1080.125, 595.5, 1176.125)
(498.5, 2122.34375, 1006.5, 2408.34375)
(488.5, 3493.46875, 1124.5, 4163.46875)
(1226.5, 819, 1315.5, 834)
(817.5, 3052.34375, 1103.5, 3084.34375)
(498.5, 2048.34375, 514.5, 2064.34375)
(0, 0, 186, 29)
(488.5, 4194.46875, 1124.5, 4194.46875)
(808.5, 1463.125, 904.5, 1559.125)
(536.125, 3108.34375, 616.125, 3123.34375)
(976, 3072.34375, 1008, 3087.34375)
(1188.5, 907, 1414.5, 922)
(595.5, 4354.46875, 772.5, 4368.46875)
(1147.5, 190, 1413.5, 246)
(1378.5, 1147, 1410.5, 1179)
(498.5, 2412.34375, 1006.5, 2427.34375)
(493.5, 976.125, 1114.5, 1182.125)
(1150.5, 1191, 1186.5, 1227)
(817.5, 612, 849.5, 644)
(1193.5, 1143, 1378.5, 1169)
(498.5, 2045.34375, 1006.5, 2069.34375)
(0, 0, 0, 0)
(817.5, 592, 1103.5, 604)
(590.5, 757.125, 654.5, 821.125)
(1068.625, 3261.46875, 1100.625, 3293.46875)
(498.5, 976.125, 1114.5, 1182.125)
(697.5, 209, 829.5, 237)
(-280, 171, 0, 171)
(509.5, 667.125, 528.5, 686.125)
(517.5, 3041.34375, 553.5, 3056.34375)
(817.5, 3072.34375, 849.5, 3087.34375)
(681.5, 0, 760.5, 68)
(0, 0, 0, 0)
(506.5, 2512.34375, 631.5, 2581.34375)
(494.5, 3716.46875, 528.5, 3731.46875)
(936.375, 3072.34375, 968.375, 3087.34375)
(546.5, 3712.46875, 1090.5, 3730.46875)
(602.5, 1463.125, 698.5, 1559.125)
(488.5, 344, 1124.5, 707)
(1286.5, 485, 1340.5, 500)
(-280, 229, 0, 270)
(1188.5, 922, 1414.5, 922)
(0, 0, 0, 0)
(653.5, 2621.34375, 801.5, 2677.34375)
(506.5, 473, 1106.5, 542)
(493.5, 3565.46875, 529.5, 3601.46875)
(0, 0, 0, 0)
(498.5, 1740.125, 1114.5, 2069.125)
(808.5, 2621.34375, 956.5, 2677.34375)
(1100.5, 4106.46875, 1116.5, 4122.46875)
(0, 0, 0, 0)
(653.5, 2621.34375, 801.5, 2677.34375)
(949.75, 3261.46875, 981.75, 3293.46875)
(509.5, 654, 1103.5, 656)
(1146.5, 1187, 1414.5, 1231)
(1013.5, 1741.125, 1113.5, 1912.125)
(697.5, 153, 829.5, 181)
(1013.5, 2123.34375, 1113.5, 2179.34375)
(0, 0, 0, 0)
(1151.5, 1240, 1185.5, 1274)
(481.5, 59, 657.5, 79)
(1146.5, 763, 1414.5, 797)
(546.5, 3565.46875, 1124.5, 3602.46875)
(546.5, 3501.46875, 1124.5, 3518.46875)
(758.5, 757.125, 822.5, 821.125)
(697.5, 69, 829.5, 237)
(0, 0, 0, 0)
(1216.5, 485, 1270.5, 500)
(1151.5, 1192, 1185.5, 1226)
(896.75, 632, 928.75, 647)
(0, 0, 0, 0)
(0, 0, 0, 0)
(506.5, 1583.125, 596.5, 1632.125)
(506.5, 382, 690.5, 451)
(910.125, 2842.34375, 942.125, 2874.34375)
(655.890625, 3271.46875, 695.890625, 3279.46875)
(0, 0, 0, 0)
(488.5, 344, 1124.5, 2688)
(910.125, 2862.34375, 942.125, 2877.34375)
(653.890625, 3269.46875, 817.890625, 3281.46875)
(911.5, 1547.125, 1007.5, 1562.125)
(963.5, 2621.34375, 1111.5, 2677.34375)
(1146.5, 1005, 1414.5, 1327)
(1286.5, 443, 1340.5, 497)
(498.5, 1235.125, 1114.5, 1409.125)
(911.5, 977.125, 1007.5, 1073.125)
(0, 0, 0, 0)
(0, 0, 0, 0)
(506.5, 2561.34375, 631.5, 2581.34375)
(506.5, 1332.125, 648.5, 1381.125)
(1146.5, 1043, 1414.5, 1087)
(870.5, 2842.34375, 902.5, 2874.34375)
(778.96875, 125, 910.96875, 153)
(0, 0, 0, 0)
(1146.5, 136, 1414.5, 176)
(842.5, 809.125, 906.5, 824.125)
(498.5, 2122.34375, 1114.5, 2451.34375)
(1146.5, 274, 1414.5, 308)
(964.71875, 3212.46875, 1114.71875, 3242.46875)
(1146.5, 537, 1414.5, 537)
(509.5, 2874.34375, 1103.5, 2874.34375)
(1012.5, 2260.34375, 1114.5, 2318.34375)
(488.5, 946.125, 1124.5, 1193.125)
(1378.5, 1291, 1410.5, 1323)
(763.828125, 3444.46875, 893.828125, 3458.46875)
(0, 0, 0, 0)
(0, 0, 0, 0)
(0, 0, 0, 0)
(949.75, 2862.34375, 981.75, 2877.34375)
(517.5, 577, 553.5, 616)
(-280, 336, 0, 377)
(1146.5, 891, 1178.5, 923)
(921.09375, 159, 930.09375, 164)
(498.5, 2921.34375, 682.5, 2993.34375)
(642.0625, 1632.125, 806.0625, 1652.125)
(664.328125, 846.125, 784.328125, 895.125)
(0, 0, 0, 0)
(1029, 3281.46875, 1061, 3296.46875)
(0, 0, 1903, 0)
(1323.265625, 10, 1361.265625, 26)
(498.5, 976.125, 596.5, 1074.125)
(0, 0, 0, 0)
(0, 0, 0, 0)
(1146.5, 485, 1200.5, 500)
(0, 0, 1903, 62)
(1100.5, 3693.46875, 1116.5, 3709.46875)
(494.5, 4107.46875, 528.5, 4141.46875)
(1146.5, 891, 1178.5, 923)
(778.96875, 97, 910.96875, 125)
(0, 0, 0, 0)
(817.5, 3032.34375, 1103.5, 3044.34375)
(911.5, 1463.125, 1007.5, 1559.125)
(488.5, 2913.34375, 1124.5, 3144.34375)
(0, 0, 0, 0)
(0, 0, 1903, 4368)
(488.5, 344, 1414.5, 4210)
(-280, 115, 0, 361)
(-32, 136.5, -12, 148.5)
(494.5, 3524.46875, 528.5, 3539.46875)
(922.5, 1235.125, 1002.5, 1315.125)
(498.5, 2069.34375, 1114.5, 2069.34375)
(1146.5, 1091, 1414.5, 1135)
(1100.5, 3629.46875, 1116.5, 3645.46875)
(0, 0, 0, 0)
(1146.5, 443, 1200.5, 497)
(498.5, 1710.125, 1114.5, 1740.125)
(1380.828125, 288, 1392.828125, 296)
(-280, 0, 0, 1080)
(517.5, 577, 785.5, 608)
(1150.5, 1239, 1186.5, 1275)
(-280, 114, 0, 114)
(0, 0, 0, 0)
(870.5, 2842.34375, 902.5, 2874.34375)
(546.5, 3757.46875, 1124.5, 4082.46875)
(1193.5, 1239, 1378.5, 1265)
(1146.5, 1283, 1414.5, 1327)
(0, 0, 0, 0)
(506.5, 757.125, 570.5, 821.125)
(1014.5, 1061.125, 1110.5, 1076.125)
(808.5, 1547.125, 904.5, 1562.125)
(842.5, 757.125, 906.5, 821.125)
(1146.5, 809, 1414.5, 965)
(498.5, 2921.34375, 1114.5, 2947.34375)
(816.5, 1303.125, 896.5, 1318.125)
(674.5, 176, 1128.5, 228)
(509.5, 3261.46875, 870.5, 3293.46875)
(1179.890625, 6, 1421.890625, 27)
(0, 0, 0, 0)
(-268, 1034, -33, 1056)
(601.5, 1079.125, 699.5, 1177.125)
(493.5, 3693.46875, 529.5, 3729.46875)
(498.5, 1409.125, 1114.5, 1409.125)
(1146.5, 1187, 1414.5, 1231)
(710.5, 1235.125, 790.5, 1315.125)
(1155.5, 198, 1209.5, 255)
(1146.5, 651, 1414.5, 685)
(1155.5, 198, 1209.5, 252)
(857.125, 612, 889.125, 644)
(601.5, 1462.125, 699.5, 1560.125)
(509.5, 569, 1103.5, 644)
(498.5, 2677.34375, 1114.5, 2677.34375)
(1226.5, 849, 1414.5, 849)
(546.5, 3648.46875, 1090.5, 3666.46875)
(936.375, 632, 968.375, 647)
(936.375, 612, 968.375, 644)
(590.5, 757.125, 654.5, 821.125)
(851.671875, 1583.125, 1004.671875, 1632.125)
(1100.5, 3699.46875, 1116.5, 3711.46875)
(569.5, 579, 785.5, 594)
(947.484375, 4325.46875, 1024.484375, 4339.46875)
(499.5, 1741.125, 1005.5, 2025.125)
(1029, 2842.34375, 1061, 2874.34375)
(0, 4293.46875, 1903, 4368.46875)
(758.5, 809.125, 822.5, 824.125)
(506.5, 1632.125, 596.5, 1652.125)
(498.5, 2754.34375, 682.5, 2826.34375)
(705.5, 977.125, 801.5, 1073.125)
(498.5, 838.125, 1114.5, 923.125)
(817.5, 3052.34375, 849.5, 3084.34375)
(488.5, 128, 1414.5, 312)
(498.5, 1462.125, 596.5, 1560.125)
(0, 0, 0, 0)
(0, 0, 0, 0)
(498.5, 559, 1114.5, 696)
(766.984375, 179.125, 782.984375, 190.125)
(669.484375, 473, 765.484375, 522)
(498.5, 2999.34375, 1114.5, 3136.34375)
(842.5, 757.125, 906.5, 821.125)
(896.75, 3072.34375, 928.75, 3087.34375)
(498.5, 3437.46875, 763.5, 3468.46875)
(488.5, 3621.46875, 1124.5, 3677.46875)
(1028.5, 1235.125, 1108.5, 1315.125)
(910.5, 976.125, 1008.5, 1074.125)
(498.5, 2978.34375, 682.5, 2993.34375)
(498.5, 1462.125, 1114.5, 1687.125)
(674.5, 136, 1146.5, 176)
(-280, 213, 0, 254)
(697.5, 181, 829.5, 209)
(488.5, 136, 656.5, 304)
(1356.5, 443, 1410.5, 497)
(778.96875, 69, 910.96875, 97)
(1146.5, 418, 1241.5, 434)
(0, 0, 0, 0)
(926.5, 757.125, 990.5, 821.125)
(0, 0, 0, 0)
(0, 0, 0, 0)
(0, 0, 0, 0)
(0, 0, 0, 0)
(506.5, 439, 690.5, 454)
(976, 612, 1008, 644)
(494.5, 3588.46875, 528.5, 3603.46875)
(1151.5, 1048, 1185.5, 1082)
(1146.5, 776, 1215.5, 792)
(1146.5, 588, 1231.5, 604)
(936.375, 3052.34375, 968.375, 3084.34375)
(829.765625, 895.125, 1084.765625, 915.125)
(498.5, 2754.34375, 1114.5, 2780.34375)
(870.5, 2842.34375, 1103.5, 2874.34375)
(964.71875, 2960.34375, 1114.71875, 2990.34375)
(989.375, 3261.46875, 1021.375, 3293.46875)
(0, 0, 0, 0)
(498.5, 3173.46875, 1114.5, 3242.46875)
(0, 0, 0, 0)
(1146.5, 405, 1414.5, 439)
(989.375, 2842.34375, 1021.375, 2874.34375)
(494.5, 3652.46875, 528.5, 3667.46875)
(778.96875, 197, 910.96875, 225)
(817.5, 3052.34375, 849.5, 3084.34375)
(506.5, 542, 1106.5, 542)
(1013.5, 2261.34375, 1113.5, 2317.34375)
(-205.359375, 1045, -168.359375, 1056)
(498.5, 2677.34375, 1114.5, 2677.34375)
(1375.78125, 6, 1421.78125, 31)
(488.5, 3493.46875, 1124.5, 4154.46875)
(493.5, 1182.125, 1114.5, 1182.125)
(0, 0, 0, 0)
(0, 0, 0, 0)
(674.5, 136, 1146.5, 191)
(1155.5, 198, 1405.5, 238)
(498.5, 2427.34375, 1006.5, 2451.34375)
(1013.5, 2192.34375, 1113.5, 2248.34375)
(919.078125, 4170.46875, 1124.078125, 4194.46875)
(499.5, 1164.125, 595.5, 1179.125)
(857.125, 632, 889.125, 647)
(705.5, 1061.125, 801.5, 1076.125)
(1012.5, 2191.34375, 1114.5, 2249.34375)
(488.5, 3431.46875, 1124.5, 4209.46875)
(710.5, 1235.125, 790.5, 1315.125)
(905.5, 1142.125, 1007.5, 1162.125)
(0, 0, 0, 0)
(509.5, 2842.34375, 1103.5, 2874.34375)
(690.5, 2764.34375, 784.5, 2780.34375)
(1146.5, 727, 1414.5, 727)
(694.421875, 1332.125, 835.421875, 1401.125)
(494.5, 3694.46875, 528.5, 3728.46875)
(509.5, 3009.34375, 1103.5, 3084.34375)
(498.5, 946.125, 1114.5, 976.125)
(870.5, 3281.46875, 902.5, 3296.46875)
(0, 0, 14, 14)
(498.5, 2504.34375, 1114.5, 2677.34375)
(808.5, 1164.125, 904.5, 1179.125)
(1100.5, 3501.46875, 1116.5, 3517.46875)
(546.5, 3565.46875, 661.5, 3581.46875)
(829.765625, 846.125, 1084.765625, 895.125)
(763.96875, 64, 910.96875, 240)
(1146.5, 664, 1310.5, 680)
(0, 0, 1903, 4368)
(0, 4274.46875, 1903, 4368.46875)
(569.5, 579, 657.5, 594)
(0, 0, 548, 354)
(494.5, 3566.46875, 528.5, 3600.46875)
(851.671875, 1583.125, 1005.671875, 1652.125)
(602.5, 1164.125, 698.5, 1179.125)
(669.484375, 522, 765.484375, 542)
(0, 0, 0, 0)
(498.5, 2451.34375, 1114.5, 2451.34375)
(-280, 114, 0, 171)
(0, 0, 0, 0)
(1188.5, 959, 1414.5, 959)
(697.5, 125, 829.5, 153)
(1378.5, 1243, 1410.5, 1275)
(517.5, 3017.34375, 553.5, 3053.34375)
(546.5, 3565.46875, 1124.5, 3582.46875)
(710.5, 1303.125, 790.5, 1318.125)
(1286.5, 443, 1340.5, 497)
(498.5, 923.125, 1114.5, 923.125)
(1010.5, 757.125, 1074.5, 821.125)
(0, 0, 305, 786)
(817.5, 569, 890.5, 584)
(0, 0, 0, 0)
(569.5, 3019.34375, 785.5, 3034.34375)
(674.5, 229, 731.5, 244)
(971.15625, 4174.46875, 978.15625, 4190.46875)
(499.5, 1463.125, 595.5, 1559.125)
(517.5, 3017.34375, 553.5, 3056.34375)
(509.5, 3293.46875, 1103.5, 3293.46875)
(1146.5, 1091, 1414.5, 1135)
(1090.5, 3693.46875, 1116.5, 3713.46875)
(949.75, 2842.34375, 981.75, 2874.34375)
(498.5, 1205.125, 1114.5, 1235.125)
(758.5, 757.125, 822.5, 821.125)
(509.5, 2842.34375, 1103.5, 2874.34375)
(808.5, 2665.34375, 956.5, 2680.34375)
(509.5, 3009.34375, 793.5, 3059.34375)
(509.5, 2842.34375, 870.5, 2874.34375)
(922.5, 1235.125, 1002.5, 1315.125)
(1146.5, 1005, 1414.5, 1327)
(1179.890625, 6, 1421.890625, 31)
(704.5, 976.125, 802.5, 1074.125)
(499.5, 1547.125, 595.5, 1562.125)
(506.5, 895.125, 618.5, 915.125)
(546.5, 3757.46875, 1124.5, 3774.46875)
(493.5, 3501.46875, 529.5, 3537.46875)
(509.5, 3261.46875, 1103.5, 3293.46875)
(0, 0, 0, 0)
(0, 0, 0, 0)
(807.5, 1462.125, 905.5, 1560.125)
(1193.5, 1191, 1378.5, 1217)
(498.5, 2811.34375, 682.5, 2826.34375)
(1012.5, 1924.125, 1114.5, 2026.125)
(498.5, 1432.125, 1114.5, 1462.125)
(1146.5, 1139, 1414.5, 1183)
(0, 0, 0, 0)
(1150.5, 1143, 1186.5, 1179)
(1100.5, 4112.46875, 1116.5, 4124.46875)
(1100.5, 3763.46875, 1116.5, 3775.46875)
(498.5, 2474.34375, 1114.5, 2504.34375)
(1146.5, 626, 1243.5, 642)
(488.5, 719.125, 1124.5, 934.125)
(1146.5, 948, 1178.5, 963)
(498.5, 3173.46875, 682.5, 3242.46875)
(498.5, 2754.34375, 682.5, 2823.34375)
(-280, 270, 0, 311)
(498.5, 2621.34375, 1114.5, 2677.34375)
(0, 0, 67, 15)
(674.5, 274, 1128.5, 274)
(681.5, 0, 1054.5, 68)
(857.125, 612, 889.125, 644)
(498.5, 1324.125, 1114.5, 1409.125)
(648.65625, 2852.34375, 757.65625, 2860.34375)
(694.421875, 1332.125, 835.421875, 1381.125)
(442.5, 104, 1460.5, 344)
(546.5, 4106.46875, 1124.5, 4143.46875)
(506.5, 473, 623.5, 522)
(0, 4368.46875, 1903, 4368.46875)
(1090.5, 3757.46875, 1116.5, 3777.46875)
(498.5, 719.125, 1114.5, 749.125)
(919.078125, 4174.46875, 959.078125, 4190.46875)
(498.5, 2122.34375, 1006.5, 2451.34375)
(506.5, 846.125, 618.5, 895.125)
(0, 0, 0, 0)
(506.5, 382, 690.5, 451)
(488.5, 1710.125, 1124.5, 2080.125)
(976, 3052.34375, 1008, 3084.34375)
(1146.5, 689, 1414.5, 723)
(506.5, 821.125, 1106.5, 821.125)
(1146.5, 344, 1414.5, 1367)
(1150.5, 1095, 1186.5, 1131)
(1146.5, 1283, 1414.5, 1327)
(0, 0, 0, 0)
(896.75, 612, 928.75, 644)
(674.5, 176, 1146.5, 191)
(1146.5, 1018, 1241.5, 1034)
(546.5, 4106.46875, 1124.5, 4123.46875)
(494.5, 4129.46875, 528.5, 4144.46875)
(488.5, 3749.46875, 1124.5, 4090.46875)
(1013.5, 976.125, 1111.5, 1074.125)
(819.421875, 2512.34375, 917.421875, 2561.34375)
(-280, 156, 0, 197)
(1084.3125, 4174.46875, 1124.3125, 4190.46875)
(506.5, 1664.125, 1106.5, 1679.125)
(-280, 171, 0, 228)
(638.46875, 3442.46875, 727.46875, 3468.46875)
(1013.5, 1925.125, 1113.5, 2025.125)
(905.5, 1079.125, 1007.5, 1162.125)
(488.5, 3685.46875, 1124.5, 3741.46875)
(1146.5, 928, 1178.5, 960)
(760.96875, 0, 876.96875, 68)
(870.5, 2862.34375, 902.5, 2877.34375)
(-280, 172, 0, 213)
(846.296875, 3332.46875, 1124.296875, 3347.46875)
(517.5, 601, 553.5, 616)
(1146.5, 1043, 1414.5, 1327)
(0, 0, 0, 0)
(-32, 79.5, -12, 91.5)
(1012.5, 2329.34375, 1114.5, 2388.34375)
(1090.5, 4106.46875, 1116.5, 4126.46875)
(1068.625, 2842.34375, 1100.625, 2874.34375)
(546.5, 3776.46875, 1090.5, 4082.46875)
(936.375, 612, 968.375, 644)
(1219.5, 210, 1405.5, 224)
(-280, 0, 0, 311)
(1146.5, 405, 1414.5, 497)
(498.5, 3173.46875, 1114.5, 3199.46875)
(-280, 171, 0, 378)
(896.75, 3052.34375, 928.75, 3084.34375)
(1155.5, 240, 1209.5, 255)
(976, 632, 1008, 647)
(674.5, 264, 1128.5, 264)
(1146.5, 763, 1414.5, 965)
(705.5, 1463.125, 801.5, 1559.125)
(506.5, 522, 623.5, 542)
(509.5, 644, 1103.5, 644)
(705.5, 1164.125, 801.5, 1179.125)
(493.5, 1565.125, 1114.5, 1565.125)
(-280, 0, 0, 1080)
(704.5, 1079.125, 802.5, 1177.125)
(498.5, 3173.46875, 682.5, 3245.46875)
(488.5, 3557.46875, 1124.5, 3613.46875)
(0, 0, 0, 0)
(1090.5, 3501.46875, 1116.5, 3521.46875)
(0, 0, 1903, 1080)
(1012.5, 2329.34375, 1114.5, 2386.34375)
(1012.5, 2191.34375, 1114.5, 2249.34375)
(1100.5, 3507.46875, 1116.5, 3519.46875)
(546.5, 3629.46875, 1124.5, 3646.46875)
(506.5, 2512.34375, 631.5, 2561.34375)
(494.5, 3780.46875, 528.5, 3795.46875)
(488.5, 2700.34375, 1124.5, 2738.34375)
(816.5, 1235.125, 896.5, 1315.125)
(494.5, 3758.46875, 528.5, 3792.46875)
(0, 0, 0, 0)
(488.5, 3493.46875, 1124.5, 3549.46875)
(1903, 0, 2183, 1080)
(1150.5, 1287, 1186.5, 1323)
(463.5, 104, 1439.5, 328)
(816.5, 1235.125, 896.5, 1315.125)
(1146.5, 613, 1414.5, 647)
(498.5, 2092.34375, 1114.5, 2122.34375)
(646.65625, 2850.34375, 810.65625, 2862.34375)
(905.5, 1093.125, 1007.5, 1142.125)
(1378.5, 1099, 1410.5, 1131)
(1146.5, 189, 1414.5, 261)
(1226.5, 834, 1414.5, 849)
(-280, 57, 0, 114)
(506.5, 1583.125, 1106.5, 1652.125)
(1193.5, 1287, 1378.5, 1313)
(792.328125, 4354.46875, 921.328125, 4368.46875)
(569.5, 3019.34375, 657.5, 3034.34375)
(506.5, 757.125, 570.5, 821.125)
(642.0625, 1583.125, 806.0625, 1652.125)
(807.5, 1079.125, 905.5, 1177.125)
(1029, 2862.34375, 1061, 2877.34375)
(817.5, 569, 1103.5, 644)
(674.5, 757.125, 738.5, 821.125)
(827.328125, 2706.34375, 1114.328125, 2732.34375)
(510.5, 3010.34375, 792.5, 3055.34375)
(0, 0, 0, 0)
(961.15625, 3442.46875, 968.15625, 3458.46875)
(1150.5, 1047, 1186.5, 1083)
(1903, 0, 2183, 1080)
(498.5, 1740.125, 1006.5, 2069.125)
(1146.5, 274, 1310.5, 308)
(1146.5, 928, 1414.5, 965)
(0, 0, 22, 11)
(490.5, 138, 654.5, 302)
(677.203125, 2512.34375, 773.203125, 2581.34375)
(0, 0, 0, 0)
(1029, 3261.46875, 1061, 3293.46875)
(1146.5, 1235, 1414.5, 1279)
(1188.5, 892, 1226.5, 907)
(1100.5, 3635.46875, 1116.5, 3647.46875)
(697.5, 97, 829.5, 125)
(1010.5, 809.125, 1074.5, 824.125)
(0, 0, 0, 0)
(517.5, 3017.34375, 785.5, 3048.34375)
(488.5, 2913.34375, 1124.5, 3144.34375)
(807.5, 976.125, 905.5, 1074.125)
(0, 0, 0, 0)
(506.5, 1583.125, 596.5, 1652.125)
(1090.5, 3629.46875, 1116.5, 3649.46875)
(0, 0, 0, 0)
(488.5, 104, 1414.5, 312)
(601.5, 976.125, 699.5, 1074.125)
(0, 0, 0, 0)
(1146.5, 1139, 1414.5, 1183)
(1100.5, 3565.46875, 1116.5, 3581.46875)
(1193.5, 1047, 1378.5, 1073)
(493.5, 1462.125, 1114.5, 1565.125)
(949.75, 2842.34375, 981.75, 2874.34375)
(590.5, 809.125, 654.5, 824.125)
(499.5, 1061.125, 595.5, 1076.125)
(857.125, 3052.34375, 889.125, 3084.34375)
(1151.5, 1288, 1185.5, 1322)
(0, 0, 0, 0)
(498.5, 749.125, 1114.5, 829.125)
(0, 0, 0, 0)
(808.5, 977.125, 904.5, 1073.125)
(569.5, 594, 785.5, 608)
(488.5, 3431.46875, 1124.5, 4209.46875)
(1100.5, 3757.46875, 1116.5, 3773.46875)
(1146.5, 344, 1414.5, 373)
(664.328125, 846.125, 784.328125, 915.125)
(1146.5, 497, 1414.5, 497)
(0, 0, 0, 0)
(-280, 115, 0, 156)
(510.5, 570, 792.5, 615)
(604.5, 1235.125, 684.5, 1315.125)
(909.078125, 3442.46875, 949.078125, 3458.46875)
(0, 0, 0, 0)
(1146.5, 809, 1210.5, 873)
(-268, 973, -12, 1001)
(498.5, 1235.125, 1114.5, 1409.125)
(488.5, 3165.46875, 1124.5, 3311.46875)
(0, 0, 0, 0)
(498.5, 2598.34375, 1114.5, 2613.34375)
(677.203125, 2512.34375, 774.203125, 2561.34375)
(546.5, 3501.46875, 696.5, 3517.46875)
(926.5, 757.125, 990.5, 821.125)
(1356.5, 443, 1410.5, 497)
(509.5, 3261.46875, 1103.5, 3293.46875)
(498.5, 3468.46875, 1114.5, 3468.46875)
(778.96875, 69, 910.96875, 225)
(1029, 2842.34375, 1061, 2874.34375)
(0, 0, 0, 0)
(1146.5, 344, 1414.5, 373)
(498.5, 749.125, 1114.5, 923.125)
(1028.5, 1235.125, 1108.5, 1315.125)
(602.5, 977.125, 698.5, 1073.125)
(910.5, 1462.125, 1008.5, 1560.125)
(808.5, 2621.34375, 956.5, 2677.34375)
(488.5, 4313.46875, 584.5, 4339.46875)
(498.5, 2921.34375, 1114.5, 2990.34375)
(546.5, 3520.46875, 1090.5, 3538.46875)
(493.5, 3629.46875, 529.5, 3665.46875)
(499.5, 2123.34375, 1005.5, 2407.34375)
(1146.5, 1235, 1414.5, 1279)
(976, 612, 1008, 644)
(0, 104, 1903, 4274)
(0, 0, 0, 0)
(910.125, 3281.46875, 942.125, 3296.46875)
(819.421875, 2561.34375, 917.421875, 2581.34375)
(506.5, 915.125, 1106.5, 915.125)
(817.5, 612, 1103.5, 644)
(602.5, 1547.125, 698.5, 1562.125)
(1151.5, 1096, 1185.5, 1130)
(817.5, 3009.34375, 1103.5, 3044.34375)
(506.5, 1332.125, 648.5, 1401.125)
(829.765625, 846.125, 1084.765625, 915.125)
(-280, 172, 0, 377)
(1012.5, 2122.34375, 1114.5, 2180.34375)
(989.375, 2842.34375, 1021.375, 2874.34375)
(1179.890625, 6, 1316.890625, 30)
(857.125, 3052.34375, 889.125, 3084.34375)
(1219.5, 224, 1405.5, 238)
(506.5, 846.125, 618.5, 915.125)
(488.5, 2092.34375, 1124.5, 2462.34375)
(498.5, 1575.125, 1114.5, 1687.125)
(989.375, 2862.34375, 1021.375, 2877.34375)
(1146.5, 575, 1414.5, 609)
(509.5, 3269.46875, 582.5, 3284.46875)
(498.5, 1740.125, 1114.5, 2069.125)
(1146.5, 928, 1178.5, 960)
(498.5, 1303.125, 578.5, 1318.125)
(488.5, 1432.125, 1124.5, 1698.125)
(506.5, 1652.125, 1106.5, 1652.125)
(506.5, 1381.125, 648.5, 1401.125)
(602.5, 1061.125, 698.5, 1076.125)
(1146.5, 344, 1414.5, 373)
(481.5, 0, 1421.5, 104)
(536.125, 668, 616.125, 683)
(1074.3125, 3442.46875, 1115.3125, 3458.46875)
(1015.625, 612, 1047.625, 644)
(498.5, 976.125, 1114.5, 1182.125)
(1146.5, 763, 1414.5, 965)
(910.125, 2842.34375, 942.125, 2874.34375)
(-280, 238, 0, 279)
(870.5, 3261.46875, 1103.5, 3293.46875)
(951.625, 0, 1054.625, 68)
(817.5, 612, 849.5, 644)
(488.5, 4098.46875, 1124.5, 4154.46875)
(1146.5, 1043, 1414.5, 1087)
(-280, 0, 0, 1080)
(674.5, 136, 1146.5, 312)
(1356.5, 485, 1410.5, 500)
(1012.5, 1740.125, 1114.5, 2037.125)
(1246.15625, 142.71875, 1278.15625, 174.71875)
(674.5, 228, 1128.5, 304)
(674.5, 136, 1128.5, 176)
(1216.5, 443, 1270.5, 497)
(506.5, 382, 1106.5, 451)
(1029, 3261.46875, 1061, 3293.46875)
(-149.6875, 1034, -124.6875, 1045)
(0, 0, 0, 0)
(-280, 279, 0, 320)
(546.5, 3693.46875, 1124.5, 3730.46875)
(506.5, 1401.125, 1106.5, 1401.125)
(697.5, 69, 829.5, 97)
(498.5, 374, 1114.5, 696)
(-280, 228, 0, 311)
(498.5, 1235.125, 578.5, 1315.125)
(922.5, 1303.125, 1002.5, 1318.125)
(546.5, 3501.46875, 1124.5, 3538.46875)
(1014.5, 1463.125, 1110.5, 1559.125)
(989.375, 3281.46875, 1021.375, 3296.46875)
(870.5, 3261.46875, 902.5, 3293.46875)
(602.5, 1080.125, 698.5, 1176.125)
(0, 104, 1903, 4274)
(1146.5, 809, 1210.5, 873)
(0, 0, 0, 0)
(498.5, 2621.34375, 646.5, 2677.34375)
(-280, 295, 0, 336)
(976, 3052.34375, 1008, 3084.34375)
(1146.5, 1005, 1414.5, 1039)
(488.5, 2474.34375, 1124.5, 2688.34375)
(0, 0, 0, 0)
(0, 0, 0, 0)
(0, 0, 0, 0)
(517.5, 577, 553.5, 613)
(963.5, 2621.34375, 1111.5, 2677.34375)
(0, 0, 0, 0)
(1216.5, 443, 1270.5, 497)
(1012.5, 1924.125, 1114.5, 2026.125)
(949.75, 3281.46875, 981.75, 3296.46875)
(0, 0, 0, 0)
(876.171875, 0, 951.171875, 68)
(0, 0, 235, 168)
(808.5, 1080.125, 904.5, 1176.125)
(706.5, 389, 1061.5, 423)
(481.5, 30, 657.5, 74)
(-280, 0, 0, 57)
(506.5, 473, 623.5, 542)
(819.421875, 2512.34375, 917.421875, 2581.34375)
(1146.5, 861, 1210.5, 876)
(481.5, 0, 657.5, 74)
(488.5, 3431.46875, 1124.5, 3474.46875)
(0, 0, 0, 0)
(0, 0, 0, 0)
(0, 0, 1903, 104)
(0, 0, 0, 0)
(1219.5, 210, 1276.5, 224)
(498.5, 1315.125, 1114.5, 1315.125)
(498.5, 2832.34375, 1114.5, 2884.34375)
(0, 0, 0, 0)
(1012.5, 2122.34375, 1114.5, 2180.34375)
(-280, 311, 0, 471)
(498.5, 374, 1114.5, 550)
(896.75, 612, 928.75, 644)
(1146.5, 809, 1414.5, 879)
(488.5, 2746.34375, 1124.5, 3311.34375)
(937.96875, 4354.46875, 1112.96875, 4368.46875)
(498.5, 2122.34375, 1114.5, 2451.34375)
(0, 0, 0, 0)
(0, 0, 0, 0)
(694.421875, 1381.125, 835.421875, 1401.125)
(472.5, 4309.46875, 1430.5, 4368.46875)
(778.96875, 153, 910.96875, 197)
(706.5, 382, 1106.5, 421)
(488.5, 1205.125, 1124.5, 1420.125)
(506.5, 809.125, 570.5, 824.125)
(1146.5, 136, 1414.5, 176)
(493.5, 4106.46875, 529.5, 4142.46875)
(1014.5, 977.125, 1110.5, 1073.125)
(498.5, 2665.34375, 646.5, 2680.34375)
(0, 0, 0, 0)
(1014.5, 1547.125, 1110.5, 1562.125)
(857.125, 3072.34375, 889.125, 3087.34375)
(1012.5, 1740.125, 1114.5, 1913.125)
(569.5, 3034.34375, 785.5, 3048.34375)
(546.5, 3693.46875, 1124.5, 3710.46875)
(498.5, 2921.34375, 682.5, 2990.34375)
(1146.5, 702, 1258.5, 718)
(870.5, 3261.46875, 902.5, 3293.46875)
(0, 0, 0, 0)
(-225.65625, 1034, -162.65625, 1045)
(509.5, 569, 793.5, 619)
(674.5, 757.125, 738.5, 821.125)
(0, 0, 0, 0)
(0, 0, 0, 0)
(817.5, 569, 1103.5, 604)
(896.75, 3052.34375, 928.75, 3084.34375)
(1378.5, 1195, 1410.5, 1227)
(1146.5, 443, 1200.5, 497)
(0, 0, 0, 0)
(690.5, 3183.46875, 797.5, 3199.46875)
(494.5, 3502.46875, 528.5, 3536.46875)
(498.5, 1079.125, 596.5, 1177.125)
(-280, 197, 0, 238)
(0, 0, 0, 0)
(0, 0, 0, 0)
(0, 0, 0, 0)
(1151.5, 1144, 1185.5, 1178)
(498.5, 1235.125, 578.5, 1315.125)
(0, 0, 0, 0)
(509.5, 3107.46875, 528.5, 3126.46875)
(498.5, 374, 1114.5, 696)
(488.5, 3332.46875, 1124.5, 3347.46875)
(1146.5, 550, 1231.5, 566)
(911.5, 1061.125, 1007.5, 1076.125)
(653.5, 2665.34375, 801.5, 2680.34375)
(1903, 0, 2183, 32)
(1146.5, 891, 1414.5, 928)
(910.125, 3261.46875, 942.125, 3293.46875)
(546.5, 3629.46875, 1124.5, 3666.46875)
(0, 0, 0, 0)
(0, 0, 0, 0)
(498.5, 2030.34375, 1006.5, 2045.34375)
(546.5, 3584.46875, 1090.5, 3602.46875)
(499.5, 977.125, 595.5, 1073.125)
(0, 0, 164, 24)
