(447.0, 9832.453125, 1119.0, 9858.453125)
(657.5, 5134.28125, 907.5, 5508.28125)
(594.0, 11419.453125, 749.0, 11457.453125)
(454.0, 5108.28125, 1111.0, 7115.28125)
(594.0, 11568.453125, 754.0, 11606.453125)
(447.0, 8516.453125, 1119.0, 8542.453125)
(554.0, 9835.453125, 587.0, 9854.453125)
(573.375, 10486.453125, 573.375, 10508.453125)
(414.0, 4370.28125, 1111.0, 4396.28125)
(0.0, 0.0, 1886.0, 520.0)
(1155.0, 960.0, 1510.0, 1001.0)
(414.0, 11443.453125, 462.0, 11462.453125)
(414.0, 9095.453125, 1151.0, 9775.453125)
(374.0, 301.0, 1512.0, 301.0)
(414.0, 11312.453125, 574.0, 11328.453125)
(414.0, 4707.28125, 414.0, 4736.28125)
(452.421875, 977.0, 1326.421875, 997.0)
(447.0, 9858.453125, 1119.0, 9877.453125)
(479.625, 11904.296875, 579.625, 11962.296875)
(955.21875, 12007.296875, 1054.21875, 12023.296875)
(447.0, 8519.453125, 489.0, 8538.453125)
(447.0, 9328.453125, 489.0, 9347.453125)
(447.0, 8466.453125, 1119.0, 8492.453125)
(0.0, 0.0, 1886.0, 78.0)
(774.0, 8097.453125, 924.0, 8149.453125)
(903.265625, 150.0, 958.265625, 164.0)
(414.0, 3208.28125, 1111.0, 3260.28125)
(425.0, 871.0, 649.0, 890.0)
(0.0, 0.0, 1251.0, 26.0)
(583.21875, 1348.0, 641.21875, 1367.0)
(839.25, 1032.0, 869.25, 1062.0)
(594.0, 11463.453125, 754.0, 11463.453125)
(600.0, 7995.453125, 750.0, 8149.453125)
(414.0, 5063.28125, 414.0, 5092.28125)
(1155.0, 1082.0, 1510.0, 1147.0)
(594.0, 11742.453125, 754.0, 11742.453125)
(594.0, 11612.453125, 754.0, 11612.453125)
(374.0, 11904.296875, 1512.0, 11963.296875)
(746.359375, 1032.0, 809.359375, 1062.0)
(454.0, 5809.484375, 1111.0, 6152.484375)
(480.0, 9683.453125, 1119.0, 9709.453125)
(1155.0, 777.0, 1510.0, 801.0)
(594.0, 11698.453125, 754.0, 11742.453125)
(480.0, 8747.453125, 522.0, 8766.453125)
(594.0, 11698.453125, 754.0, 11736.453125)
(414.0, 10529.453125, 715.0, 10548.453125)
(458.53125, 10953.453125, 463.53125, 10972.453125)
(454.0, 3286.28125, 1111.0, 3468.28125)
(414.0, 11344.453125, 574.0, 11370.453125)
(473.0, 1068.0, 1017.0, 1093.0)
(1153.0, 301.0, 1154.0, 302.0)
(1155.0, 364.0, 1510.0, 480.0)
(447.0, 10032.453125, 489.0, 10051.453125)
(657.5, 5809.484375, 907.5, 6153.484375)
(594.0, 11826.453125, 754.0, 11826.453125)
(0.0, 0.0, 1886.0, 0.0)
(447.0, 9197.453125, 1119.0, 9301.453125)
(0.0, 0.0, 0.0, 0.0)
(974.609375, 1032.0, 1004.609375, 1061.0)
(1691.8125, 1037.0, 1754.8125, 1057.0)
(0.0, 0.0, 1886.0, 52.0)
(480.0, 8599.453125, 1119.0, 8625.453125)
(0.0, 0.0, 1886.0, 5720.0)
(414.0, 8860.453125, 1151.0, 9071.453125)
(449.0, 968.0, 1017.0, 993.0)
(1341.5625, 1037.0, 1541.5625, 1060.0)
(447.0, 9015.453125, 489.0, 9034.453125)
(496.984375, 8206.453125, 551.984375, 8220.453125)
(921.78125, 10529.453125, 926.78125, 10548.453125)
(868.078125, 4157.28125, 868.078125, 4176.28125)
(414.0, 7140.453125, 414.0, 7169.453125)
(454.0, 2341.015625, 1111.0, 2482.015625)
(480.0, 9408.453125, 1119.0, 9434.453125)
(907.21875, 11410.453125, 924.21875, 11450.453125)
(449.0, 996.0, 791.0, 1015.0)
(414.0, 4708.28125, 1111.0, 4736.28125)
(594.0, 11688.453125, 754.0, 11753.453125)
(839.21875, 11430.453125, 849.21875, 11440.453125)
(0.0, 0.0, 1886.0, 208.0)
(414.0, 3494.28125, 1111.0, 3522.28125)
(524.78125, 10115.453125, 557.78125, 10134.453125)
(1155.0, 960.0, 1510.0, 984.0)
(414.0, 7588.453125, 877.0, 7607.453125)
(414.0, 11440.453125, 574.0, 11466.453125)
(414.0, 3980.28125, 1111.0, 4008.28125)
(447.0, 8962.453125, 1119.0, 8988.453125)
(414.0, 10576.453125, 1111.0, 10820.453125)
(0.0, 0.0, 1886.0, 12127.0)
(454.0, 6642.046875, 1111.0, 7115.046875)
(594.0, 11484.453125, 739.0, 11541.453125)
(374.0, 361.0, 1151.0, 8272.0)
(414.0, 10950.453125, 1099.0, 10976.453125)
(774.0, 7995.453125, 924.0, 8145.453125)
(414.0, 11162.453125, 558.0, 11208.453125)
(0.0, 0.0, 36.0, 17.0)
(454.0, 3364.28125, 1111.0, 3390.28125)
(1851.0, 978.0, 1871.0, 998.0)
(414.0, 1249.0, 1111.0, 1277.0)
(879.265625, 128.0, 983.265625, 186.0)
(449.0, 1046.0, 939.0, 1065.0)
(414.0, 3772.28125, 1111.0, 3824.28125)
(414.0, 11056.453125, 1099.0, 11082.453125)
(480.0, 9408.453125, 1119.0, 9709.453125)
(1014.609375, 1047.0, 1091.609375, 1062.0)
(1155.0, 655.0, 1510.0, 679.0)
(414.0, 11312.453125, 574.0, 11530.453125)
(398.0, 150.0, 452.0, 164.0)
(503.625, 11926.296875, 554.625, 11940.296875)
(0.0, 0.0, 160.0, 600.0)
(1121.6875, 1032.0, 1151.6875, 1061.0)
(784.0, 11410.453125, 801.0, 11450.453125)
(480.0, 9411.453125, 521.0, 9430.453125)
(1155.0, 440.0, 1510.0, 480.0)
(426.0, 7995.453125, 576.0, 8145.453125)
(414.0, 10950.453125, 1111.0, 11032.453125)
(594.0, 11568.453125, 744.0, 11606.453125)
(414.0, 834.0, 1028.0, 1129.0)
(480.0, 9434.453125, 1119.0, 9453.453125)
(454.0, 7461.453125, 1111.0, 7487.453125)
(480.0, 9436.453125, 644.0, 9450.453125)
(1121.6875, 1032.0, 1224.6875, 1065.0)
(414.0, 11312.453125, 574.0, 11560.453125)
(454.0, 7741.453125, 1111.0, 7767.453125)
(414.0, 10844.453125, 1099.0, 10870.453125)
(1335.828125, 973.0, 1372.828125, 1003.0)
(0.0, 0.0, 1886.0, 130.0)
(414.0, 2774.28125, 1111.0, 2852.28125)
(1155.0, 485.0, 1510.0, 1147.0)
(1325.828125, 973.0, 1433.828125, 1003.0)
(425.0, 845.0, 1017.0, 868.0)
(594.0, 11763.453125, 754.0, 11820.453125)
(532.671875, 8602.453125, 565.671875, 8621.453125)
(454.0, 5757.484375, 1111.0, 6153.484375)
(0.0, 0.0, 1886.0, 3198.0)
(765.0, 7889.453125, 813.0, 7937.453125)
(447.0, 9901.453125, 1119.0, 10005.453125)
(414.0, 7585.453125, 1111.0, 7611.453125)
(657.5, 1527.0, 907.5, 1814.0)
(1155.0, 570.0, 1485.0, 618.0)
(398.0, 11926.296875, 459.0, 11940.296875)
(454.0, 6173.25, 1111.0, 6622.25)
(0.0, 0.0, 499.0, 26.0)
(713.625, 9610.453125, 713.625, 9629.453125)
(1155.0, 777.0, 1510.0, 818.0)
(454.0, 2289.015625, 1111.0, 2482.015625)
(374.0, 10442.453125, 1151.0, 11272.453125)
(425.0, 845.0, 877.0, 868.0)
(594.0, 11698.453125, 740.0, 11736.453125)
(374.0, 11904.296875, 484.0, 11962.296875)
(1155.0, 960.0, 1468.0, 984.0)
(571.078125, 1032.0, 601.078125, 1061.0)
(839.25, 1032.0, 945.25, 1065.0)
(414.0, 2508.28125, 1111.0, 2766.28125)
(0.0, 0.0, 160.0, 90.0)
(374.0, 301.0, 1152.0, 11272.0)
(676.484375, 9480.453125, 676.484375, 9499.453125)
(374.0, 8272.453125, 1151.0, 10442.453125)
(594.0, 11633.453125, 727.0, 11671.453125)
(449.0, 946.0, 726.0, 965.0)
(463.171875, 10847.453125, 468.171875, 10866.453125)
(746.359375, 1047.0, 809.359375, 1062.0)
(870.0, 11425.453125, 898.0, 11437.453125)
(454.0, 3286.28125, 1111.0, 3312.28125)
(0.0, 0.0, 1886.0, 1066.0)
(1155.0, 303.0, 1156.0, 304.0)
(1155.0, 899.0, 1370.0, 923.0)
(447.0, 9128.453125, 1119.0, 9173.453125)
(454.0, 1400.0, 547.0, 1419.0)
(480.0, 9408.453125, 1119.0, 9453.453125)
(480.0, 10112.453125, 1119.0, 10335.453125)
(890.4375, 11410.453125, 907.4375, 11450.453125)
(639.640625, 9584.453125, 639.640625, 9603.453125)
(600.0, 8097.453125, 750.0, 8149.453125)
(843.4375, 6254.25, 843.4375, 6273.25)
(0.0, 0.0, 116.0, 23.0)
(1155.0, 1021.0, 1318.0, 1045.0)
(0.0, 0.0, 731.0, 104.0)
(473.125, 128.0, 560.125, 186.0)
(414.0, 5064.28125, 1111.0, 5092.28125)
(0.0, 0.0, 1886.0, 624.0)
(454.0, 3104.28125, 1111.0, 3130.28125)
(454.0, 3616.28125, 1111.0, 3642.28125)
(594.0, 11568.453125, 754.0, 11612.453125)
(732.015625, 11904.296875, 876.015625, 11962.296875)
(414.0, 1248.0, 414.0, 1277.0)
(447.0, 10079.453125, 1151.0, 10368.453125)
(594.0, 11312.453125, 754.0, 11861.453125)
(480.0, 10309.453125, 1119.0, 10335.453125)
(414.0, 7955.453125, 1111.0, 7983.453125)
(594.0, 11344.453125, 754.0, 11837.453125)
(447.0, 9131.453125, 550.0, 9150.453125)
(414.0, 11472.453125, 574.0, 11498.453125)
(1153.0, 301.0, 1512.0, 11272.0)
(1161.6875, 1032.0, 1225.6875, 1062.0)
(1155.0, 899.0, 1510.0, 940.0)
(454.0, 7357.453125, 1111.0, 7487.453125)
(447.0, 9375.453125, 1119.0, 9742.453125)
(1014.609375, 1032.0, 1091.609375, 1047.0)
(1121.6875, 1032.0, 1151.6875, 1062.0)
(818.0, 7889.453125, 866.0, 7937.453125)
(974.609375, 1032.0, 1091.609375, 1065.0)
(454.0, 7663.453125, 1111.0, 7689.453125)
(414.0, 11312.453125, 1472.0, 11861.453125)
(414.0, 4908.28125, 1111.0, 5038.28125)
(454.0, 7435.453125, 1111.0, 7461.453125)
(414.0, 11347.453125, 479.0, 11366.453125)
(414.0, 11379.453125, 456.0, 11398.453125)
(454.0, 3078.28125, 1111.0, 3104.28125)
(1153.0, 362.0, 1512.0, 483.0)
(0.0, 0.0, 17.0, 10.0)
(594.0, 11633.453125, 754.0, 11671.453125)
(879.25, 1032.0, 944.25, 1047.0)
(1229.0, 440.0, 1261.0, 472.0)
(800.78125, 11410.453125, 826.78125, 11450.453125)
(1155.0, 364.0, 1510.0, 416.0)
(674.65625, 128.0, 792.65625, 186.0)
(1155.0, 485.0, 1510.0, 533.0)
(374.0, 12004.296875, 1512.0, 12026.296875)
(600.0, 7995.453125, 750.0, 8145.453125)
(449.0, 921.0, 709.0, 940.0)
(414.0, 3905.28125, 1079.0, 3950.28125)
(374.0, 128.0, 1512.0, 186.0)
(414.0, 4422.28125, 1111.0, 4578.28125)
(594.0, 11354.453125, 754.0, 11398.453125)
(575.984375, 11904.296875, 735.984375, 11962.296875)
(767.0, 7988.453125, 931.0, 8156.453125)
(449.0, 893.0, 1017.0, 1118.0)
(414.0, 8179.453125, 415.0, 8189.453125)
(0.0, 0.0, 304.0, 154.0)
(594.0, 11354.453125, 754.0, 11392.453125)
(879.265625, 128.0, 984.265625, 186.0)
(1155.0, 570.0, 1510.0, 618.0)
(774.0, 11360.453125, 934.0, 11450.453125)
(414.0, 8171.453125, 1111.0, 8171.453125)
(414.0, 8364.453125, 1151.0, 10401.453125)
(414.0, 496.0, 1111.0, 574.0)
(594.0, 11484.453125, 754.0, 11541.453125)
(1155.0, 716.0, 1510.0, 757.0)
(676.234375, 1863.34375, 676.234375, 1882.34375)
(374.0, 8272.453125, 375.0, 8273.453125)
(0.0, 0.0, 1137.0, 26.0)
(706.359375, 1032.0, 736.359375, 1062.0)
(594.0, 11484.453125, 754.0, 11547.453125)
(1155.0, 716.0, 1449.0, 740.0)
(454.0, 7383.453125, 1111.0, 7409.453125)
(414.0, 496.0, 1111.0, 8171.0)
(657.5, 6772.046875, 907.5, 7115.046875)
(454.0, 1886.34375, 1111.0, 2268.34375)
(480.0, 8599.453125, 1119.0, 8770.453125)
(872.34375, 11904.296875, 997.34375, 11962.296875)
(571.078125, 1032.0, 601.078125, 1062.0)
(611.078125, 1032.0, 676.078125, 1047.0)
(447.0, 10029.453125, 1119.0, 10055.453125)
(414.0, 7213.453125, 1111.0, 7291.453125)
(594.0, 11419.453125, 754.0, 11457.453125)
(447.0, 8425.453125, 631.0, 8439.453125)
(480.0, 8668.453125, 1119.0, 8720.453125)
(1341.5625, 1037.0, 1471.5625, 1057.0)
(706.359375, 1032.0, 809.359375, 1065.0)
(454.0, 5528.0, 1111.0, 5737.0)
(454.0, 3338.28125, 1111.0, 3364.28125)
(0.0, 0.0, 728.0, 90.0)
(659.0, 7889.453125, 707.0, 7937.453125)
(594.0, 11558.453125, 754.0, 11623.453125)
(480.0, 8744.453125, 1119.0, 8770.453125)
(454.0, 7409.453125, 1111.0, 7435.453125)
(454.0, 3694.28125, 1111.0, 3746.28125)
(447.0, 8893.453125, 1119.0, 9038.453125)
(414.0, 11475.453125, 488.0, 11494.453125)
(425.0, 868.0, 1017.0, 1118.0)
(454.0, 3642.28125, 1111.0, 3668.28125)
(447.0, 9832.453125, 1119.0, 9877.453125)
(447.0, 8397.453125, 1119.0, 8542.453125)
(425.0, 11888.296875, 493.0, 11900.296875)
(480.0, 9686.453125, 522.0, 9705.453125)
(0.0, 0.0, 2634.0, 78.0)
(374.0, 11963.296875, 1512.0, 12066.296875)
(879.25, 1032.0, 944.25, 1062.0)
(447.0, 9156.453125, 611.0, 9170.453125)
(414.0, 7889.453125, 1111.0, 7945.453125)
(1155.0, 838.0, 1510.0, 879.0)
(414.0, 10602.453125, 1111.0, 10812.453125)
(773.0, 11359.453125, 774.0, 11360.453125)
(594.0, 11474.453125, 754.0, 11558.453125)
(414.0, 11082.453125, 763.0, 11138.453125)
(454.0, 7689.453125, 1111.0, 7715.453125)
(447.0, 8893.453125, 1119.0, 8919.453125)
(447.0, 10079.453125, 1119.0, 10368.453125)
(414.0, 1197.0, 1111.0, 1223.0)
(414.0, 7983.453125, 936.0, 8161.453125)
(593.0, 7988.453125, 757.0, 8156.453125)
(414.0, 453.0, 1111.0, 472.0)
(1155.0, 1082.0, 1455.0, 1130.0)
(1161.6875, 1032.0, 1225.6875, 1047.0)
(607.5, 2341.015625, 957.5, 2482.015625)
(414.0, 8312.453125, 1151.0, 8340.453125)
(1153.0, 301.0, 1512.0, 362.0)
(1341.5625, 1037.0, 1754.5625, 1060.0)
(480.0, 9477.453125, 1119.0, 9659.453125)
(594.0, 11763.453125, 754.0, 11826.453125)
(1014.609375, 1032.0, 1091.609375, 1062.0)
(1155.0, 570.0, 1510.0, 635.0)
(131.28125, 1038.5, 455.28125, 1058.5)
(374.0, 128.0, 1512.0, 187.0)
(414.0, 3850.28125, 1111.0, 3954.28125)
(611.078125, 1032.0, 676.078125, 1062.0)
(561.6875, 8400.453125, 594.6875, 8419.453125)
(0.0, 0.0, 1.0, 1.0)
(449.0, 1096.0, 975.0, 1115.0)
(611.078125, 1047.0, 676.078125, 1062.0)
(449.0, 971.0, 609.0, 990.0)
(454.0, 3312.28125, 1111.0, 3338.28125)
(414.0, 401.0, 1111.0, 437.0)
(414.0, 7317.453125, 414.0, 7341.453125)
(1107.90625, 5111.28125, 1107.90625, 5130.28125)
(594.0, 11623.453125, 754.0, 11688.453125)
(746.359375, 1032.0, 809.359375, 1047.0)
(454.0, 1345.0, 1111.0, 1423.0)
(837.21875, 11410.453125, 854.21875, 11450.453125)
(480.0, 8599.453125, 1119.0, 8644.453125)
(374.0, 195.0, 1512.0, 285.0)
(1551.671875, 1037.0, 1754.671875, 1060.0)
(414.0, 11056.453125, 1111.0, 11138.453125)
(414.0, 7512.453125, 414.0, 7541.453125)
(774.0, 11312.453125, 934.0, 11450.453125)
(449.0, 896.0, 681.0, 915.0)
(789.109375, 128.0, 883.109375, 186.0)
(594.0, 11753.453125, 754.0, 11837.453125)
(1510.0, 302.0, 1511.0, 303.0)
(454.0, 1345.0, 1111.0, 2482.0)
(374.0, 61.0, 1512.0, 128.0)
(414.0, 11344.453125, 574.0, 11530.453125)
(974.609375, 1032.0, 1004.609375, 1062.0)
(607.5, 5580.0, 957.5, 5737.0)
(414.0, 7141.453125, 1111.0, 7197.453125)
(657.5, 1886.34375, 907.5, 2269.34375)
(1153.0, 483.0, 1512.0, 1170.0)
(0.0, 0.0, 1886.0, 962.0)
(913.21875, 11420.453125, 933.21875, 11440.453125)
(414.0, 10844.453125, 1111.0, 10926.453125)
(594.0, 11677.453125, 754.0, 11677.453125)
(480.0, 8602.453125, 529.0, 8621.453125)
(493.71875, 455.0, 602.71875, 469.0)
(414.0, 3538.28125, 1111.0, 3590.28125)
(861.75, 9558.453125, 861.75, 9577.453125)
(1382.953125, 973.0, 1433.953125, 1003.0)
(447.0, 8400.453125, 558.0, 8419.453125)
(473.0, 1071.0, 1017.0, 1090.0)
(594.0, 11312.453125, 754.0, 11837.453125)
(384.0, 104.0, 933.0, 120.0)
(414.0, 4318.28125, 1111.0, 4344.28125)
(414.0, 7317.453125, 1111.0, 7341.453125)
(454.0, 7715.453125, 1111.0, 7741.453125)
(508.09375, 5557.0, 508.09375, 5576.0)
(1481.703125, 1037.0, 1541.703125, 1057.0)
(0.0, 0.0, 1123.0, 78.0)
(454.0, 3390.28125, 1111.0, 3416.28125)
(414.0, 11408.453125, 574.0, 11434.453125)
(806.78125, 11425.453125, 833.78125, 11437.453125)
(612.5, 4180.28125, 912.5, 4292.28125)
(447.0, 9012.453125, 1119.0, 9038.453125)
(447.0, 8566.453125, 1119.0, 8803.453125)
(497.125, 150.0, 535.125, 164.0)
(449.0, 993.0, 1017.0, 1018.0)
(523.71875, 323.0, 530.71875, 337.0)
(414.0, 3493.28125, 414.0, 3522.28125)
(373.0, 60.0, 1513.0, 12067.0)
(426.0, 8120.453125, 547.0, 8149.453125)
(774.0, 11312.453125, 934.0, 11344.453125)
(414.0, 7845.453125, 1111.0, 7873.453125)
(414.0, 4024.28125, 1111.0, 4292.28125)
(414.0, 10870.453125, 763.0, 10926.453125)
(698.65625, 150.0, 767.65625, 164.0)
(454.0, 6772.046875, 1111.0, 7115.046875)
(414.0, 10526.453125, 1111.0, 11208.453125)
(790.0, 11420.453125, 810.0, 11440.453125)
(414.0, 11411.453125, 471.0, 11430.453125)
(419.0, 7988.453125, 583.0, 8156.453125)
(379.0, 11888.296875, 412.0, 11900.296875)
(480.0, 10138.453125, 1119.0, 10157.453125)
(594.0, 11409.453125, 754.0, 11474.453125)
(594.0, 11633.453125, 754.0, 11677.453125)
(454.0, 7637.453125, 1111.0, 7767.453125)
(414.0, 1145.0, 1111.0, 1181.0)
(414.0, 11376.453125, 574.0, 11402.453125)
(414.0, 11504.453125, 574.0, 11530.453125)
(374.0, 11878.296875, 497.0, 11904.296875)
(1155.0, 838.0, 1510.0, 862.0)
(1153.0, 1170.0, 1512.0, 1783.0)
(447.0, 9154.453125, 1119.0, 9173.453125)
(625.203125, 455.0, 704.203125, 469.0)
(542.625, 8896.453125, 575.625, 8915.453125)
(447.0, 8893.453125, 1119.0, 8938.453125)
(774.0, 11410.453125, 934.0, 11450.453125)
(374.0, 128.0, 477.0, 186.0)
(571.078125, 1032.0, 1225.078125, 1065.0)
(447.0, 9128.453125, 1119.0, 9351.453125)
(1050.921875, 2318.015625, 1050.921875, 2337.015625)
(449.0, 1043.0, 1017.0, 1093.0)
(579.71875, 150.0, 653.71875, 164.0)
(774.0, 11436.453125, 774.0, 11453.453125)
(454.0, 7637.453125, 1111.0, 7663.453125)
(454.0, 1834.34375, 1111.0, 2269.34375)
(1155.0, 485.0, 1492.0, 533.0)
(1266.0, 440.0, 1298.0, 472.0)
(414.0, 9799.453125, 1151.0, 10401.453125)
(987.0, 845.0, 1017.0, 867.0)
(454.0, 5580.0, 1111.0, 5737.0)
(533.671875, 323.0, 587.671875, 337.0)
(772.03125, 6749.046875, 772.03125, 6768.046875)
(896.4375, 11420.453125, 916.4375, 11440.453125)
(896.34375, 11926.296875, 971.34375, 11940.296875)
(374.0, 66.0, 943.0, 120.0)
(480.0, 10112.453125, 1119.0, 10138.453125)
(447.0, 9375.453125, 1151.0, 9742.453125)
(528.421875, 9480.453125, 673.421875, 9499.453125)
(0.0, 1017.0, 1886.0, 1080.0)
(414.0, 401.0, 1111.0, 472.0)
(524.78125, 9411.453125, 557.78125, 9430.453125)
(995.0, 848.0, 1011.0, 864.0)
(447.0, 8397.453125, 1119.0, 8442.453125)
(594.0, 11419.453125, 754.0, 11463.453125)
(1851.0, 1038.5, 1871.0, 1058.5)
(454.0, 3416.28125, 1111.0, 3468.28125)
(606.390625, 455.0, 704.390625, 469.0)
(454.0, 3616.28125, 1111.0, 3746.28125)
(1155.0, 1021.0, 1510.0, 1045.0)
(890.90625, 10236.453125, 890.90625, 10255.453125)
(414.0, 2922.28125, 1111.0, 3000.28125)
(555.71875, 128.0, 678.71875, 186.0)
(454.0, 5108.28125, 1111.0, 5508.28125)
(414.0, 4604.28125, 1111.0, 4682.28125)
(657.5, 6277.25, 907.5, 6622.25)
(1161.6875, 1047.0, 1225.6875, 1062.0)
(374.0, 301.0, 1512.0, 11272.0)
(414.0, 8364.453125, 1151.0, 8836.453125)
(594.0, 11763.453125, 733.0, 11820.453125)
(414.0, 8171.453125, 1111.0, 8231.453125)
(447.0, 9128.453125, 1119.0, 9154.453125)
(454.0, 5134.28125, 1111.0, 5507.28125)
(449.0, 1018.0, 1017.0, 1043.0)
(872.34375, 11904.296875, 996.34375, 11962.296875)
(864.0, 11410.453125, 890.0, 11450.453125)
(449.0, 1021.0, 891.0, 1040.0)
(639.71875, 5111.28125, 803.71875, 5130.28125)
(414.0, 10526.453125, 1111.0, 10552.453125)
(591.515625, 323.0, 598.515625, 337.0)
(1155.0, 777.0, 1504.0, 801.0)
(454.0, 6277.25, 1111.0, 6621.25)
(774.0, 7995.453125, 924.0, 8149.453125)
(447.0, 8423.453125, 1119.0, 8442.453125)
(414.0, 7955.453125, 1111.0, 8161.453125)
(1155.0, 899.0, 1510.0, 923.0)
(837.21875, 11425.453125, 845.21875, 11433.453125)
(454.0, 3156.28125, 1111.0, 3182.28125)
(454.0, 3668.28125, 1111.0, 3694.28125)
(449.0, 893.0, 1017.0, 918.0)
(447.0, 8896.453125, 539.0, 8915.453125)
(1155.0, 485.0, 1510.0, 550.0)
(414.0, 730.0, 1111.0, 808.0)
(480.0, 10181.453125, 1119.0, 10285.453125)
(374.0, 11272.453125, 1512.0, 11877.453125)
(1155.0, 303.0, 1510.0, 359.0)
(0.0, 0.0, 1886.0, 156.0)
(426.0, 7995.453125, 576.0, 8149.453125)
(414.0, 7793.453125, 1111.0, 7819.453125)
(447.0, 8566.453125, 1151.0, 8803.453125)
(447.0, 9832.453125, 1119.0, 10055.453125)
(384.0, 66.0, 659.0, 94.0)
(414.0, 11162.453125, 1111.0, 11208.453125)
(594.0, 11547.453125, 754.0, 11547.453125)
(0.0, 0.0, 300.0, 250.0)
(414.0, 10482.453125, 1111.0, 10510.453125)
(414.0, 11312.453125, 574.0, 11536.453125)
(414.0, 3979.28125, 414.0, 4008.28125)
(447.0, 8919.453125, 1119.0, 8938.453125)
(638.71875, 9532.453125, 638.71875, 9551.453125)
(877.0, 845.0, 1017.0, 868.0)
(627.546875, 9506.453125, 627.546875, 9525.453125)
(447.0, 9325.453125, 1119.0, 9351.453125)
(978.40625, 5786.484375, 978.40625, 5805.484375)
(480.0, 10115.453125, 521.0, 10134.453125)
(1155.0, 838.0, 1411.0, 862.0)
(594.0, 11354.453125, 710.0, 11392.453125)
(774.0, 11312.453125, 934.0, 11502.453125)
(447.0, 8921.453125, 625.0, 8935.453125)
(839.25, 1032.0, 869.25, 1061.0)
(879.25, 1047.0, 944.25, 1062.0)
(1155.0, 1172.0, 1510.0, 1780.0)
(0.0, 0.0, 74.0, 46.0)
(454.0, 1423.0, 1111.0, 1814.0)
(774.0, 11360.453125, 934.0, 11360.453125)
(480.0, 10140.453125, 644.0, 10154.453125)
(594.0, 11344.453125, 754.0, 11409.453125)
(0.0, 0.0, 4299.0, 78.0)
(374.0, 11904.296875, 1512.0, 11962.296875)
(0.0, 0.0, 943.0, 104.0)
(774.0, 11312.453125, 934.0, 11478.453125)
(447.0, 9835.453125, 550.0, 9854.453125)
(454.0, 3026.28125, 1111.0, 3182.28125)
(599.984375, 11926.296875, 710.984375, 11940.296875)
(449.0, 918.0, 1017.0, 943.0)
(1155.0, 1172.0, 1510.0, 1772.0)
(414.0, 600.0, 1111.0, 704.0)
(594.0, 11312.453125, 754.0, 11328.453125)
(1155.0, 1082.0, 1510.0, 1130.0)
(449.0, 943.0, 1017.0, 968.0)
(374.0, 8171.453125, 1151.0, 8231.453125)
(0.0, 0.0, 40.0, 40.0)
(1155.0, 716.0, 1510.0, 740.0)
(480.0, 10312.453125, 522.0, 10331.453125)
(756.015625, 11926.296875, 851.015625, 11940.296875)
(1192.0, 440.0, 1224.0, 472.0)
(0.0, 0.0, 1799.0, 26.0)
(414.0, 2877.28125, 414.0, 2906.28125)
(374.0, 61.0, 1512.0, 125.0)
(454.0, 3026.28125, 1111.0, 3078.28125)
(0.0, 0.0, 25.0, 115.0)
(480.0, 10112.453125, 1119.0, 10157.453125)
(414.0, 1145.0, 414.0, 1180.0)
(594.0, 11398.453125, 754.0, 11398.453125)
(384.0, 63.0, 624.0, 96.0)
(414.0, 8171.453125, 415.0, 8197.453125)
(416.0, 11878.296875, 502.0, 11909.296875)
(706.359375, 1032.0, 736.359375, 1061.0)
(414.0, 8161.453125, 1111.0, 8161.453125)
(414.0, 2508.28125, 1111.0, 2758.28125)
(480.0, 8625.453125, 1119.0, 8644.453125)
(374.0, 301.0, 1151.0, 361.0)
(1155.0, 655.0, 1492.0, 679.0)
(447.0, 8397.453125, 1119.0, 8423.453125)
(414.0, 4752.28125, 1111.0, 4882.28125)
(868.15625, 5531.0, 974.15625, 5550.0)
(414.0, 1293.0, 1111.0, 1319.0)
(414.0, 10976.453125, 763.0, 11032.453125)
(-300.0, 0.0, -266.0, 56.0)
(554.0, 9131.453125, 587.0, 9150.453125)
(813.109375, 150.0, 858.109375, 164.0)
(447.0, 9860.453125, 611.0, 9874.453125)
(712.0, 7889.453125, 760.0, 7937.453125)
(414.0, 4180.28125, 1111.0, 4292.28125)
(0.0, 0.0, 838.0, 26.0)
(1155.0, 440.0, 1187.0, 472.0)
(414.0, 7513.453125, 1111.0, 7569.453125)
(1155.0, 1021.0, 1510.0, 1062.0)
(454.0, 7357.453125, 1111.0, 7383.453125)
(374.0, 195.0, 1512.0, 293.0)
(449.0, 1093.0, 1017.0, 1118.0)
(414.0, 8204.453125, 1111.0, 8223.453125)
(0.0, 0.0, 1054.0, 26.0)
(837.21875, 11425.453125, 854.21875, 11435.453125)
(484.953125, 323.0, 520.953125, 337.0)
(480.0, 8627.453125, 660.0, 8641.453125)
(0.0, 958.0, 1886.0, 1018.0)
(414.0, 11507.453125, 494.0, 11526.453125)
(374.0, 11878.296875, 417.0, 11909.296875)
(414.0, 11312.453125, 415.0, 11313.453125)
(571.078125, 1032.0, 676.078125, 1065.0)
(1551.671875, 1037.0, 1681.671875, 1057.0)
(454.0, 3130.28125, 1111.0, 3156.28125)
(414.0, 10576.453125, 1099.0, 10602.453125)
(1155.0, 655.0, 1510.0, 696.0)
(414.0, 2878.28125, 1111.0, 2906.28125)
