(1319.890625, 337.0, 1408.890625, 356.0)
(901.609375, 1537.0, 909.609375, 1552.0)
(825.0, 2188.0, 839.0, 2199.0)
(825.0, 926.0, 874.0, 943.0)
(1327.890625, 930.0, 1340.890625, 941.0)
(824.0, 1753.0, 1254.0, 1770.0)
(659.0, 1974.0, 739.0, 2054.0)
(1409.0, 525.0, 1409.0, 540.0)
(659.0, 1974.0, 1414.0, 2074.0)
(880.34375, 235.0, 893.34375, 250.0)
(0.0, 2353.0, 1903.0, 2354.0)
(739.0, 1620.0, 819.0, 1700.0)
(824.0, 1250.0, 1254.0, 1282.0)
(912.9375, 377.0, 989.9375, 395.0)
(824.0, 588.0, 1414.0, 716.0)
(846.6875, 2329.0, 858.6875, 2344.0)
(895.375, 109.0, 908.375, 124.0)
(825.0, 662.0, 982.0, 680.0)
(819.0, 721.0, 819.0, 721.0)
(825.0, 1011.0, 896.0, 1028.0)
(825.0, 1086.0, 954.0, 1104.0)
(825.0, 2051.0, 885.0, 2069.0)
(990.90625, 1598.0, 1004.90625, 1609.0)
(1095.984375, 1694.0, 1187.984375, 1712.0)
(824.0, 318.0, 1254.0, 335.0)
(871.03125, 109.0, 884.03125, 124.0)
(825.0, 662.0, 995.0, 680.0)
(1288.359375, 2244.0, 1414.359375, 2295.0)
(659.0, 318.0, 819.0, 398.0)
(884.5625, 993.0, 902.5625, 1008.0)
(1064.65625, 1516.0, 1078.65625, 1527.0)
(945.90625, 2170.0, 959.90625, 2181.0)
(945.90625, 2166.0, 1223.90625, 2184.0)
(659.0, 991.0, 1414.0, 1127.0)
(825.0, 1640.0, 956.0, 1657.0)
(824.0, 1127.0, 1414.0, 1204.0)
(825.0, 1147.0, 930.0, 1164.0)
(825.0, 1512.0, 927.0, 1530.0)
(824.0, 403.0, 1414.0, 480.0)
(1306.609375, 1010.0, 1409.609375, 1029.0)
(892.09375, 1976.0, 907.09375, 1991.0)
(489.0, 695.0, 649.0, 715.0)
(1314.71875, 1044.0, 1400.71875, 1059.0)
(825.0, 1575.0, 1249.0, 1590.0)
(1011.28125, 210.0, 1089.28125, 228.0)
(935.734375, 680.0, 1112.734375, 698.0)
(739.0, 588.0, 819.0, 668.0)
(659.0, 1620.0, 819.0, 1700.0)
(736.796875, 2329.0, 765.796875, 2344.0)
(825.0, 1050.0, 954.0, 1068.0)
(926.34375, 865.0, 1105.34375, 883.0)
(659.0, 1417.0, 1414.0, 1535.0)
(1409.0, 339.0, 1409.0, 354.0)
(489.0, 785.0, 649.0, 801.0)
(824.0, 806.0, 1254.0, 823.0)
(1409.0, 1438.0, 1409.0, 1453.0)
(914.0, 78.0, 1159.0, 97.0)
(825.0, 1358.0, 982.0, 1376.0)
(923.515625, 109.0, 950.515625, 124.0)
(489.0, 953.0, 649.0, 1093.0)
(825.0, 1555.0, 1105.0, 1572.0)
(941.015625, 2227.0, 956.015625, 2242.0)
(1315.03125, 1644.0, 1328.03125, 1655.0)
(825.0, 292.0, 1249.0, 292.0)
(659.0, 488.0, 1414.0, 588.0)
(825.0, 1476.0, 951.0, 1494.0)
(1409.0, 440.0, 1409.0, 455.0)
(929.875, 1897.0, 1058.875, 1915.0)
(1058.59375, 1897.0, 1159.59375, 1915.0)
(899.53125, 547.0, 1112.53125, 565.0)
(846.6875, 109.0, 858.6875, 124.0)
(659.0, 403.0, 659.0, 403.0)
(825.0, 946.0, 1249.0, 961.0)
(990.90625, 1594.0, 1063.90625, 1612.0)
(489.0, 206.0, 649.0, 226.0)
(1306.609375, 2093.0, 1409.609375, 2112.0)
(1307.03125, 607.0, 1409.03125, 626.0)
(1414.0, 2320.0, 1414.0, 2320.0)
(659.0, 1838.0, 1414.0, 1974.0)
(825.0, 1286.0, 1135.0, 1304.0)
(825.0, 2051.0, 898.0, 2069.0)
(659.0, 233.0, 819.0, 313.0)
(825.0, 214.0, 839.0, 225.0)
(825.0, 1398.0, 839.0, 1409.0)
(825.0, 965.0, 1249.0, 965.0)
(825.0, 1232.0, 1010.0, 1249.0)
(825.0, 780.0, 910.0, 798.0)
(982.3125, 1362.0, 996.3125, 1373.0)
(659.0, 313.0, 659.0, 313.0)
(825.0, 869.0, 839.0, 880.0)
(659.0, 1753.0, 659.0, 1753.0)
(825.0, 1050.0, 1249.0, 1050.0)
(824.0, 1417.0, 1254.0, 1434.0)
(739.0, 1974.0, 819.0, 2054.0)
(824.0, 1838.0, 1254.0, 1855.0)
(825.0, 1955.0, 839.0, 1966.0)
(489.0, 1073.0, 649.0, 1093.0)
(659.0, 1620.0, 739.0, 1700.0)
(825.0, 2284.0, 1249.0, 2284.0)
(825.0, 381.0, 839.0, 392.0)
(867.09375, 1976.0, 886.09375, 1991.0)
(825.0, 2184.0, 925.0, 2202.0)
(876.609375, 1537.0, 894.609375, 1552.0)
(1314.71875, 186.0, 1400.71875, 201.0)
(825.0, 1290.0, 839.0, 1301.0)
(659.0, 721.0, 1414.0, 806.0)
(1301.359375, 2130.0, 1314.359375, 2141.0)
(825.0, 883.0, 984.0, 901.0)
(824.0, 337.0, 1249.0, 356.0)
(901.4375, 1494.0, 1032.4375, 1512.0)
(739.0, 318.0, 819.0, 398.0)
(1077.0, 1598.0, 1091.0, 1609.0)
(926.84375, 1512.0, 1064.84375, 1530.0)
(659.0, 588.0, 819.0, 668.0)
(1315.03125, 1862.0, 1328.03125, 1873.0)
(0.0, 0.0, 0.0, 0.0)
(659.0, 1417.0, 819.0, 1497.0)
(659.0, 1753.0, 819.0, 1833.0)
(659.0, 1838.0, 819.0, 1918.0)
(899.53125, 551.0, 913.53125, 562.0)
(825.0, 547.0, 887.0, 565.0)
(825.0, 2284.0, 959.0, 2302.0)
(659.0, 488.0, 819.0, 568.0)
(825.0, 508.0, 876.0, 525.0)
(819.0, 1212.0, 819.0, 1212.0)
(1064.65625, 1512.0, 1224.65625, 1530.0)
(819.0, 991.0, 819.0, 991.0)
(871.671875, 2227.0, 934.671875, 2242.0)
(659.0, 906.0, 819.0, 986.0)
(659.0, 133.0, 659.0, 133.0)
(0.0, 0.0, 1903.0, 2353.0)
(1414.0, 1122.0, 1414.0, 1122.0)
(825.0, 338.0, 921.0, 355.0)
(825.0, 993.0, 882.0, 1008.0)
(935.796875, 1129.0, 954.796875, 1144.0)
(994.78125, 666.0, 1008.78125, 677.0)
(1319.890625, 825.0, 1408.890625, 844.0)
(1326.171875, 1146.0, 1409.171875, 1165.0)
(824.0, 252.0, 1249.0, 271.0)
(967.15625, 1050.0, 1109.15625, 1068.0)
(941.15625, 1308.0, 955.15625, 1319.0)
(824.0, 1436.0, 1249.0, 1455.0)
(819.0, 1974.0, 819.0, 1974.0)
(825.0, 320.0, 891.0, 335.0)
(1293.359375, 2276.0, 1409.359375, 2295.0)
(1168.890625, 2288.0, 1182.890625, 2299.0)
(825.0, 135.0, 877.0, 150.0)
(1314.71875, 371.0, 1400.71875, 386.0)
(825.0, 698.0, 914.0, 716.0)
(959.203125, 2288.0, 973.203125, 2299.0)
(1011.28125, 210.0, 1076.28125, 228.0)
(825.0, 1816.0, 839.0, 1827.0)
(489.0, 475.0, 649.0, 495.0)
(1293.359375, 1042.0, 1409.359375, 1061.0)
(489.0, 78.0, 1414.0, 97.0)
(659.0, 483.0, 659.0, 483.0)
(1314.609375, 1015.0, 1327.609375, 1026.0)
(1409.0, 1164.0, 1409.0, 1179.0)
(901.4375, 1498.0, 915.4375, 1509.0)
(1018.6875, 969.0, 1032.6875, 980.0)
(825.0, 2037.0, 839.0, 2048.0)
(1327.890625, 1777.0, 1340.890625, 1788.0)
(825.0, 1086.0, 967.0, 1104.0)
(824.0, 441.0, 1254.0, 458.0)
(1301.359375, 189.0, 1314.359375, 200.0)
(926.0, 1812.0, 985.0, 1830.0)
(824.0, 356.0, 1254.0, 373.0)
(926.34375, 865.0, 1119.34375, 883.0)
(926.84375, 1516.0, 940.84375, 1527.0)
(1409.0, 2095.0, 1409.0, 2110.0)
(1307.03125, 1436.0, 1409.03125, 1455.0)
(824.0, 1838.0, 1414.0, 1969.0)
(825.0, 698.0, 901.0, 716.0)
(948.71875, 1712.0, 1015.71875, 1730.0)
(739.0, 1753.0, 819.0, 1833.0)
(825.0, 1358.0, 969.0, 1376.0)
(825.0, 405.0, 857.0, 420.0)
(825.0, 1919.0, 839.0, 1930.0)
(1293.359375, 1468.0, 1409.359375, 1487.0)
(659.0, 1127.0, 1414.0, 1212.0)
(825.0, 1755.0, 886.0, 1770.0)
(959.9375, 2148.0, 1198.9375, 2166.0)
(899.0625, 135.0, 907.0625, 150.0)
(659.0, 1535.0, 1414.0, 1620.0)
(1314.71875, 541.0, 1400.71875, 556.0)
(489.0, 804.0, 649.0, 924.0)
(824.0, 1165.0, 1254.0, 1182.0)
(1409.0, 2111.0, 1409.0, 2126.0)
(659.0, 1127.0, 819.0, 1207.0)
(489.0, 186.0, 649.0, 206.0)
(990.125, 377.0, 1128.125, 395.0)
(659.0, 233.0, 739.0, 313.0)
(825.0, 1994.0, 896.0, 2011.0)
(659.0, 403.0, 1414.0, 488.0)
(824.0, 318.0, 1414.0, 395.0)
(825.0, 1108.0, 839.0, 1119.0)
(1327.890625, 342.0, 1340.890625, 353.0)
(926.34375, 869.0, 940.34375, 880.0)
(825.0, 865.0, 913.0, 883.0)
(935.734375, 680.0, 1124.734375, 698.0)
(825.0, 1340.0, 1042.0, 1358.0)
(994.78125, 662.0, 1092.78125, 680.0)
(489.0, 295.0, 649.0, 315.0)
(1293.359375, 1178.0, 1409.359375, 1197.0)
(925.8125, 2076.0, 937.8125, 2091.0)
(659.0, 105.0, 1414.0, 2353.0)
(904.078125, 2037.0, 918.078125, 2048.0)
(1123.125, 965.0, 1235.125, 983.0)
(1075.15625, 1476.0, 1207.15625, 1494.0)
(739.0, 1212.0, 819.0, 1292.0)
(994.59375, 462.0, 1061.59375, 480.0)
(825.0, 2288.0, 839.0, 2299.0)
(824.0, 991.0, 1254.0, 1008.0)
(1301.359375, 1047.0, 1314.359375, 1058.0)
(960.859375, 1129.0, 968.859375, 1144.0)
(659.0, 398.0, 1414.0, 398.0)
(825.0, 1994.0, 899.0, 2011.0)
(825.0, 423.0, 926.0, 440.0)
(825.0, 680.0, 923.0, 698.0)
(659.0, 1127.0, 659.0, 1127.0)
(1319.890625, 925.0, 1408.890625, 944.0)
(489.0, 5.0, 1414.0, 78.0)
(659.0, 403.0, 819.0, 483.0)
(1315.03125, 612.0, 1328.03125, 623.0)
(1075.15625, 1476.0, 1194.15625, 1494.0)
(1167.5625, 2033.0, 1226.5625, 2051.0)
(881.234375, 590.0, 889.234375, 605.0)
(1288.359375, 337.0, 1414.359375, 388.0)
(974.59375, 1937.0, 988.59375, 1948.0)
(882.8125, 1694.0, 1015.8125, 1712.0)
(825.0, 462.0, 1249.0, 462.0)
(659.0, 1974.0, 819.0, 2054.0)
(1243.09375, 2329.0, 1266.09375, 2344.0)
(819.0, 403.0, 819.0, 403.0)
(0.0, 0.0, 129.0, 15.0)
(1301.359375, 289.0, 1314.359375, 300.0)
(824.0, 1212.0, 1254.0, 1229.0)
(489.0, 5.0, 492.0, 20.0)
(659.0, 1212.0, 1414.0, 1417.0)
(825.0, 1308.0, 839.0, 1319.0)
(489.0, 515.0, 649.0, 535.0)
(825.0, 1186.0, 1249.0, 1186.0)
(825.0, 2094.0, 908.0, 2111.0)
(1319.890625, 2244.0, 1408.890625, 2263.0)
(824.0, 271.0, 1254.0, 288.0)
(825.0, 547.0, 900.0, 565.0)
(825.0, 1380.0, 839.0, 1391.0)
(825.0, 1480.0, 839.0, 1491.0)
(1324.140625, 1554.0, 1409.140625, 1573.0)
(736.796875, 109.0, 765.796875, 124.0)
(904.078125, 2033.0, 964.078125, 2051.0)
(825.0, 1951.0, 966.0, 1969.0)
(0.0, 0.0, 755.0, 5.0)
(1293.359375, 539.0, 1409.359375, 558.0)
(739.0, 1127.0, 819.0, 1207.0)
(739.0, 2225.0, 819.0, 2305.0)
(1327.890625, 257.0, 1340.890625, 268.0)
(825.0, 702.0, 839.0, 713.0)
(489.0, 435.0, 649.0, 455.0)
(1038.203125, 1919.0, 1052.203125, 1930.0)
(489.0, 127.0, 649.0, 143.0)
(868.40625, 296.0, 882.40625, 307.0)
(919.25, 462.0, 981.25, 480.0)
(825.0, 1286.0, 1122.0, 1304.0)
(489.0, 993.0, 649.0, 1013.0)
(819.0, 488.0, 819.0, 488.0)
(825.0, 846.0, 1249.0, 861.0)
(824.0, 1753.0, 1414.0, 1830.0)
(904.078125, 2033.0, 951.078125, 2051.0)
(825.0, 808.0, 903.0, 823.0)
(1409.0, 154.0, 1409.0, 169.0)
(938.234375, 2184.0, 1148.234375, 2202.0)
(912.9375, 381.0, 926.9375, 392.0)
(926.84375, 1512.0, 1051.84375, 1530.0)
(1409.0, 1148.0, 1409.0, 1163.0)
(825.0, 1594.0, 898.0, 1612.0)
(825.0, 865.0, 926.0, 883.0)
(659.0, 318.0, 1414.0, 403.0)
(659.0, 1417.0, 659.0, 1417.0)
(955.375, 296.0, 969.375, 307.0)
(825.0, 1376.0, 1203.0, 1394.0)
(819.0, 1838.0, 819.0, 1838.0)
(1163.78125, 1712.0, 1232.78125, 1730.0)
(825.0, 2152.0, 839.0, 2163.0)
(824.0, 1212.0, 1414.0, 1412.0)
(825.0, 1622.0, 858.0, 1637.0)
(959.203125, 2284.0, 1169.203125, 2302.0)
(911.8125, 292.0, 954.8125, 310.0)
(665.0, 2329.0, 1266.0, 2344.0)
(868.40625, 292.0, 898.40625, 310.0)
(824.0, 507.0, 1249.0, 526.0)
(1028.859375, 1712.0, 1163.859375, 1730.0)
(825.0, 1516.0, 839.0, 1527.0)
(1409.0, 424.0, 1409.0, 439.0)
(1064.65625, 1512.0, 1211.65625, 1530.0)
(944.3125, 1915.0, 1038.3125, 1933.0)
(1409.0, 2246.0, 1409.0, 2261.0)
(824.0, 233.0, 1414.0, 310.0)
(824.0, 1127.0, 1254.0, 1144.0)
(856.640625, 1214.0, 918.640625, 1229.0)
(659.0, 1412.0, 659.0, 1412.0)
(825.0, 2302.0, 911.0, 2320.0)
(1301.359375, 2281.0, 1314.359375, 2292.0)
(489.0, 255.0, 649.0, 775.0)
(659.0, 721.0, 819.0, 801.0)
(825.0, 608.0, 858.0, 625.0)
(825.0, 826.0, 930.0, 843.0)
(825.0, 662.0, 1249.0, 662.0)
(825.0, 1214.0, 854.0, 1229.0)
(925.453125, 1214.0, 949.453125, 1229.0)
(825.0, 273.0, 1249.0, 288.0)
(824.0, 1535.0, 1414.0, 1612.0)
(825.0, 1640.0, 959.0, 1657.0)
(825.0, 1812.0, 926.0, 1830.0)
(959.9375, 2152.0, 973.9375, 2163.0)
(659.0, 906.0, 1414.0, 991.0)
(739.0, 991.0, 819.0, 1071.0)
(659.0, 1207.0, 659.0, 1207.0)
(659.0, 2325.0, 1414.0, 2348.0)
(659.0, 1838.0, 659.0, 1838.0)
(825.0, 210.0, 1011.0, 228.0)
(825.0, 547.0, 1249.0, 547.0)
(489.0, 78.0, 1414.0, 78.0)
(824.0, 488.0, 1254.0, 505.0)
(825.0, 1050.0, 967.0, 1068.0)
(739.0, 806.0, 819.0, 886.0)
(825.0, 1933.0, 975.0, 1951.0)
(825.0, 192.0, 971.0, 210.0)
(825.0, 1773.0, 875.0, 1790.0)
(983.953125, 883.0, 1030.953125, 901.0)
(1314.890625, 740.0, 1413.890625, 759.0)
(963.59375, 1476.0, 1074.59375, 1494.0)
(484.0, 0.0, 1419.0, 2353.0)
(919.25, 462.0, 995.25, 480.0)
(825.0, 666.0, 839.0, 677.0)
(825.0, 1494.0, 901.0, 1512.0)
(659.0, 991.0, 739.0, 1071.0)
(825.0, 377.0, 913.0, 395.0)
(489.0, 355.0, 649.0, 375.0)
(1307.03125, 1231.0, 1409.03125, 1250.0)
(1409.0, 1454.0, 1409.0, 1469.0)
(917.578125, 1186.0, 1018.578125, 1204.0)
(489.0, 1033.0, 649.0, 1053.0)
(825.0, 192.0, 1249.0, 192.0)
(825.0, 296.0, 839.0, 307.0)
(825.0, 377.0, 1249.0, 377.0)
(825.0, 1190.0, 839.0, 1201.0)
(825.0, 1734.0, 839.0, 1745.0)
(825.0, 761.0, 1249.0, 776.0)
(911.09375, 1594.0, 978.09375, 1612.0)
(824.0, 925.0, 1249.0, 944.0)
(825.0, 741.0, 1023.0, 758.0)
(1028.859375, 1716.0, 1042.859375, 1727.0)
(659.0, 1535.0, 659.0, 1535.0)
(1288.359375, 1436.0, 1414.359375, 1487.0)
(824.0, 2244.0, 1249.0, 2263.0)
(824.0, 526.0, 1254.0, 543.0)
(1074.140625, 462.0, 1145.140625, 480.0)
(825.0, 2014.0, 1249.0, 2029.0)
(825.0, 2033.0, 1249.0, 2033.0)
(929.875, 1901.0, 943.875, 1912.0)
(1301.359375, 459.0, 1314.359375, 470.0)
(1327.890625, 427.0, 1340.890625, 438.0)
(825.0, 883.0, 971.0, 901.0)
(659.0, 313.0, 1414.0, 313.0)
(659.0, 1417.0, 739.0, 1497.0)
(825.0, 2245.0, 886.0, 2262.0)
(659.0, 318.0, 739.0, 398.0)
(1204.734375, 109.0, 1230.734375, 124.0)
(1315.03125, 1236.0, 1328.03125, 1247.0)
(888.984375, 1419.0, 922.984375, 1434.0)
(1315.03125, 1441.0, 1328.03125, 1452.0)
(824.0, 1535.0, 1254.0, 1552.0)
(659.0, 1212.0, 819.0, 1292.0)
(1038.203125, 1915.0, 1147.203125, 1933.0)
(825.0, 865.0, 1249.0, 865.0)
(825.0, 2094.0, 912.0, 2111.0)
(1327.890625, 2249.0, 1340.890625, 2260.0)
(1112.9375, 547.0, 1165.9375, 565.0)
(1058.59375, 1901.0, 1072.59375, 1912.0)
(1288.359375, 252.0, 1414.359375, 303.0)
(1288.359375, 1231.0, 1414.359375, 1282.0)
(825.0, 551.0, 839.0, 562.0)
(1332.140625, 1559.0, 1345.140625, 1570.0)
(983.9375, 192.0, 1164.9375, 210.0)
(1046.203125, 1072.0, 1060.203125, 1083.0)
(825.0, 2148.0, 947.0, 2166.0)
(825.0, 1457.0, 1249.0, 1472.0)
(659.0, 588.0, 1414.0, 721.0)
(825.0, 1498.0, 839.0, 1509.0)
(825.0, 443.0, 1249.0, 458.0)
(825.0, 292.0, 855.0, 310.0)
(994.59375, 462.0, 1073.59375, 480.0)
(909.921875, 784.0, 923.921875, 795.0)
(739.0, 1417.0, 819.0, 1497.0)
(824.0, 1010.0, 1249.0, 1029.0)
(926.390625, 1734.0, 940.390625, 1745.0)
(659.0, 2074.0, 819.0, 2154.0)
(901.4375, 1494.0, 1019.4375, 1512.0)
(962.65625, 2329.0, 976.65625, 2344.0)
(825.0, 2148.0, 1249.0, 2148.0)
(959.9375, 2148.0, 1185.9375, 2166.0)
(824.0, 1146.0, 1249.0, 1165.0)
(974.59375, 1933.0, 1108.59375, 1951.0)
(489.0, 1103.0, 649.0, 1119.0)
(819.0, 133.0, 819.0, 133.0)
(824.0, 403.0, 1254.0, 420.0)
(825.0, 1915.0, 944.0, 1933.0)
(1307.03125, 1993.0, 1409.03125, 2012.0)
(1414.0, 313.0, 1414.0, 313.0)
(941.15625, 1304.0, 1197.15625, 1322.0)
(659.0, 2225.0, 819.0, 2305.0)
(824.0, 2225.0, 1414.0, 2320.0)
(1077.0, 1594.0, 1163.0, 1612.0)
(825.0, 2114.0, 1249.0, 2144.0)
(659.0, 2220.0, 659.0, 2220.0)
(990.125, 381.0, 1004.125, 392.0)
(825.0, 377.0, 900.0, 395.0)
(955.375, 292.0, 999.375, 310.0)
(824.0, 1639.0, 1249.0, 1658.0)
(489.0, 655.0, 649.0, 675.0)
(1092.78125, 666.0, 1106.78125, 677.0)
(974.59375, 1933.0, 1096.59375, 1951.0)
(824.0, 1620.0, 1414.0, 1748.0)
(825.0, 590.0, 853.0, 605.0)
(919.25, 466.0, 933.25, 477.0)
(825.0, 1068.0, 1046.0, 1086.0)
(1314.71875, 1265.0, 1400.71875, 1280.0)
(824.0, 2225.0, 1254.0, 2242.0)
(948.71875, 1716.0, 962.71875, 1727.0)
(929.171875, 1419.0, 944.171875, 1434.0)
(1077.0, 1594.0, 1150.0, 1612.0)
(1314.71875, 1470.0, 1400.71875, 1485.0)
(1168.890625, 2284.0, 1230.890625, 2302.0)
(824.0, 133.0, 1414.0, 228.0)
(489.0, 1013.0, 649.0, 1033.0)
(895.375, 2329.0, 908.375, 2344.0)
(824.0, 1620.0, 1254.0, 1637.0)
(659.0, 1530.0, 659.0, 1530.0)
(489.0, 105.0, 649.0, 1152.0)
(935.734375, 684.0, 949.734375, 695.0)
(1301.359375, 1473.0, 1314.359375, 1484.0)
(825.0, 2033.0, 891.0, 2051.0)
(1015.59375, 1694.0, 1095.59375, 1712.0)
(825.0, 1147.0, 926.0, 1164.0)
(825.0, 153.0, 920.0, 170.0)
(1409.0, 1028.0, 1409.0, 1043.0)
(659.0, 1535.0, 819.0, 1615.0)
(1018.6875, 965.0, 1122.6875, 983.0)
(825.0, 2033.0, 904.0, 2051.0)
(894.34375, 320.0, 913.34375, 335.0)
(825.0, 684.0, 839.0, 695.0)
(1302.03125, 1857.0, 1414.03125, 1876.0)
(824.0, 825.0, 1249.0, 844.0)
(825.0, 1304.0, 941.0, 1322.0)
(819.0, 806.0, 819.0, 806.0)
(1163.78125, 1716.0, 1177.78125, 1727.0)
(938.234375, 2188.0, 952.234375, 2199.0)
(824.0, 2263.0, 1254.0, 2280.0)
(489.0, 535.0, 649.0, 555.0)
(824.0, 422.0, 1249.0, 441.0)
(659.0, 906.0, 659.0, 906.0)
(941.15625, 1304.0, 1183.15625, 1322.0)
(489.0, 1122.0, 649.0, 1142.0)
(859.8125, 405.0, 878.8125, 420.0)
(1327.890625, 157.0, 1340.890625, 168.0)
(825.0, 1340.0, 1029.0, 1358.0)
(1414.0, 2220.0, 1414.0, 2220.0)
(825.0, 490.0, 865.0, 505.0)
(825.0, 2076.0, 923.0, 2091.0)
(659.0, 398.0, 659.0, 398.0)
(919.34375, 320.0, 934.34375, 335.0)
(1046.203125, 1068.0, 1175.203125, 1086.0)
(945.90625, 2166.0, 1210.90625, 2184.0)
(983.953125, 887.0, 997.953125, 898.0)
(1067.890625, 2037.0, 1081.890625, 2048.0)
(988.75, 109.0, 1049.75, 124.0)
(882.8125, 1694.0, 1002.8125, 1712.0)
(1319.890625, 507.0, 1408.890625, 526.0)
(824.0, 2074.0, 1254.0, 2091.0)
(825.0, 1594.0, 1249.0, 1594.0)
(1031.96875, 1494.0, 1157.96875, 1512.0)
(911.8125, 292.0, 942.8125, 310.0)
(825.0, 1394.0, 932.0, 1412.0)
(1302.03125, 1639.0, 1414.03125, 1658.0)
(825.0, 1812.0, 913.0, 1830.0)
(825.0, 1186.0, 918.0, 1204.0)
(659.0, 105.0, 1414.0, 128.0)
(489.0, 375.0, 649.0, 395.0)
(825.0, 1104.0, 954.0, 1122.0)
(825.0, 1793.0, 1249.0, 1808.0)
(825.0, 528.0, 1249.0, 543.0)
(825.0, 1011.0, 899.0, 1028.0)
(659.0, 2320.0, 659.0, 2320.0)
(1314.890625, 1772.0, 1413.890625, 1791.0)
(913.75, 702.0, 927.75, 713.0)
(1409.0, 254.0, 1409.0, 269.0)
(1409.0, 270.0, 1409.0, 285.0)
(659.0, 483.0, 1414.0, 483.0)
(944.3125, 1915.0, 1025.3125, 1933.0)
(824.0, 721.0, 1414.0, 798.0)
(824.0, 1029.0, 1254.0, 1046.0)
(489.0, 904.0, 649.0, 924.0)
(489.0, 395.0, 649.0, 415.0)
(739.0, 403.0, 819.0, 483.0)
(868.015625, 490.0, 887.015625, 505.0)
(825.0, 1362.0, 839.0, 1373.0)
(1314.71875, 456.0, 1400.71875, 471.0)
(824.0, 588.0, 1254.0, 605.0)
(825.0, 1322.0, 1110.0, 1340.0)
(819.0, 1535.0, 819.0, 1535.0)
(659.0, 2225.0, 739.0, 2305.0)
(825.0, 1054.0, 839.0, 1065.0)
(824.0, 233.0, 1254.0, 250.0)
(659.0, 228.0, 659.0, 228.0)
(825.0, 780.0, 1249.0, 780.0)
(1414.0, 583.0, 1414.0, 583.0)
(0.0, 0.0, 1.0, 1.0)
(825.0, 462.0, 906.0, 480.0)
(489.0, 455.0, 649.0, 475.0)
(878.40625, 723.0, 897.40625, 738.0)
(825.0, 565.0, 1029.0, 583.0)
(1046.203125, 1068.0, 1188.203125, 1086.0)
(982.3125, 1358.0, 1092.3125, 1376.0)
(739.0, 2074.0, 819.0, 2154.0)
(1058.59375, 1897.0, 1172.59375, 1915.0)
(825.0, 2170.0, 839.0, 2181.0)
(659.0, 1212.0, 739.0, 1292.0)
(819.0, 233.0, 819.0, 233.0)
(912.9375, 377.0, 976.9375, 395.0)
(659.0, 721.0, 659.0, 721.0)
(994.78125, 662.0, 1079.78125, 680.0)
(1327.890625, 830.0, 1340.890625, 841.0)
(983.9375, 196.0, 997.9375, 207.0)
(921.71875, 965.0, 1005.71875, 983.0)
(1414.0, 398.0, 1414.0, 398.0)
(489.0, 635.0, 649.0, 655.0)
(825.0, 462.0, 919.0, 480.0)
(944.53125, 2076.0, 952.53125, 2091.0)
(825.0, 2306.0, 839.0, 2317.0)
(825.0, 1104.0, 967.0, 1122.0)
(990.125, 377.0, 1141.125, 395.0)
(1334.171875, 1151.0, 1347.171875, 1162.0)
(1327.890625, 512.0, 1340.890625, 523.0)
(825.0, 1712.0, 949.0, 1730.0)
(489.0, 166.0, 649.0, 186.0)
(489.0, 146.0, 649.0, 226.0)
(778.265625, 109.0, 804.265625, 124.0)
(739.0, 233.0, 819.0, 313.0)
(825.0, 1712.0, 936.0, 1730.0)
(926.0, 1812.0, 998.0, 1830.0)
(824.0, 1993.0, 1249.0, 2012.0)
(489.0, 495.0, 649.0, 515.0)
(489.0, 675.0, 649.0, 695.0)
(1314.71875, 1180.0, 1400.71875, 1195.0)
(1288.359375, 507.0, 1414.359375, 558.0)
(489.0, 844.0, 649.0, 864.0)
(825.0, 2284.0, 946.0, 2302.0)
(1092.78125, 662.0, 1206.78125, 680.0)
(1319.890625, 152.0, 1408.890625, 171.0)
(1314.609375, 2098.0, 1327.609375, 2109.0)
(1042.046875, 1340.0, 1212.046875, 1358.0)
(1293.359375, 1263.0, 1409.359375, 1282.0)
(825.0, 1976.0, 864.0, 1991.0)
(489.0, 555.0, 649.0, 575.0)
(1399.34375, 112.0, 1408.34375, 123.0)
(1167.5625, 2037.0, 1181.5625, 2048.0)
(825.0, 2166.0, 946.0, 2184.0)
(825.0, 1476.0, 1249.0, 1476.0)
(1307.03125, 1857.0, 1409.03125, 1876.0)
(0.0, 0.0, 755.0, 23.0)
(825.0, 1344.0, 839.0, 1355.0)
(1314.890625, 825.0, 1413.890625, 844.0)
(1042.046875, 1344.0, 1056.046875, 1355.0)
(825.0, 1897.0, 917.0, 1915.0)
(706.984375, 2329.0, 724.984375, 2344.0)
(819.0, 318.0, 819.0, 318.0)
(825.0, 2055.0, 839.0, 2066.0)
(1067.890625, 2033.0, 1167.890625, 2051.0)
(1031.96875, 1494.0, 1144.96875, 1512.0)
(819.0, 2074.0, 819.0, 2074.0)
(489.0, 105.0, 649.0, 126.0)
(825.0, 1494.0, 888.0, 1512.0)
(1125.3125, 684.0, 1139.3125, 695.0)
(659.0, 233.0, 659.0, 233.0)
(824.0, 1772.0, 1249.0, 1791.0)
(824.0, 2012.0, 1254.0, 2029.0)
(825.0, 1068.0, 1033.0, 1086.0)
(824.0, 1791.0, 1254.0, 1808.0)
(825.0, 508.0, 873.0, 525.0)
(967.15625, 1090.0, 981.15625, 1101.0)
(825.0, 1901.0, 839.0, 1912.0)
(990.90625, 1594.0, 1076.90625, 1612.0)
(825.0, 1812.0, 1249.0, 1812.0)
(1288.359375, 1146.0, 1414.359375, 1197.0)
(1301.359375, 1183.0, 1314.359375, 1194.0)
(825.0, 1598.0, 839.0, 1609.0)
(489.0, 735.0, 649.0, 755.0)
(659.0, 318.0, 659.0, 318.0)
(938.234375, 2184.0, 1135.234375, 2202.0)
(489.0, 804.0, 649.0, 824.0)
(489.0, 78.0, 649.0, 97.0)
(825.0, 628.0, 1249.0, 658.0)
(825.0, 887.0, 839.0, 898.0)
(659.0, 1620.0, 659.0, 1620.0)
(888.734375, 1755.0, 907.734375, 1770.0)
(659.0, 2220.0, 1414.0, 2220.0)
(1288.359375, 2093.0, 1414.359375, 2144.0)
(825.0, 2302.0, 898.0, 2320.0)
(1123.125, 965.0, 1222.125, 983.0)
(825.0, 1072.0, 839.0, 1083.0)
(964.28125, 2033.0, 1068.28125, 2051.0)
(659.0, 2225.0, 659.0, 2225.0)
(1168.890625, 2284.0, 1217.890625, 2302.0)
(962.65625, 109.0, 976.65625, 124.0)
(659.0, 1974.0, 659.0, 1974.0)
(1288.359375, 422.0, 1414.359375, 473.0)
(824.0, 1455.0, 1254.0, 1472.0)
(659.0, 133.0, 1414.0, 233.0)
(659.0, 488.0, 739.0, 568.0)
(824.0, 133.0, 1254.0, 150.0)
(994.59375, 466.0, 1008.59375, 477.0)
(825.0, 1730.0, 913.0, 1748.0)
(825.0, 1286.0, 1249.0, 1286.0)
(825.0, 1594.0, 911.0, 1612.0)
(824.0, 2074.0, 1414.0, 2220.0)
(964.28125, 2037.0, 978.28125, 2048.0)
(825.0, 2265.0, 1249.0, 2280.0)
(825.0, 608.0, 855.0, 625.0)
(825.0, 1186.0, 905.0, 1204.0)
(825.0, 466.0, 839.0, 477.0)
(659.0, 583.0, 659.0, 583.0)
(819.0, 1127.0, 819.0, 1127.0)
(659.0, 1127.0, 739.0, 1207.0)
(825.0, 2206.0, 839.0, 2217.0)
(825.0, 1951.0, 979.0, 1969.0)
(824.0, 1974.0, 1254.0, 1991.0)
(1293.359375, 184.0, 1409.359375, 203.0)
(1074.140625, 466.0, 1088.140625, 477.0)
(825.0, 926.0, 878.0, 943.0)
(825.0, 826.0, 933.0, 843.0)
(884.8125, 405.0, 899.8125, 420.0)
(982.3125, 1358.0, 1079.3125, 1376.0)
(1315.03125, 1998.0, 1328.03125, 2009.0)
(825.0, 1858.0, 875.0, 1875.0)
(825.0, 1537.0, 874.0, 1552.0)
(824.0, 944.0, 1254.0, 961.0)
(1169.0, 78.0, 1414.0, 97.0)
(825.0, 969.0, 839.0, 980.0)
(739.0, 1838.0, 819.0, 1918.0)
(1095.984375, 1698.0, 1109.984375, 1709.0)
(489.0, 824.0, 649.0, 844.0)
(1327.890625, 745.0, 1340.890625, 756.0)
(739.0, 906.0, 819.0, 986.0)
(659.0, 403.0, 739.0, 483.0)
(893.015625, 490.0, 908.015625, 505.0)
(825.0, 1090.0, 839.0, 1101.0)
(1414.0, 1412.0, 1414.0, 1412.0)
(825.0, 1660.0, 1249.0, 1690.0)
(825.0, 1698.0, 839.0, 1709.0)
(944.3125, 1919.0, 958.3125, 1930.0)
(825.0, 908.0, 911.0, 923.0)
(489.0, 255.0, 649.0, 275.0)
(489.0, 575.0, 649.0, 595.0)
(1125.3125, 680.0, 1229.3125, 698.0)
(921.71875, 965.0, 1018.71875, 983.0)
(659.0, 1620.0, 1414.0, 1753.0)
(825.0, 1915.0, 931.0, 1933.0)
(825.0, 2202.0, 1111.0, 2220.0)
(825.0, 1476.0, 964.0, 1494.0)
(917.578125, 1190.0, 931.578125, 1201.0)
(1314.71875, 2127.0, 1400.71875, 2142.0)
(825.0, 1694.0, 883.0, 1712.0)
(825.0, 253.0, 903.0, 270.0)
(659.0, 806.0, 1414.0, 906.0)
(825.0, 1897.0, 930.0, 1915.0)
(824.0, 1573.0, 1254.0, 1590.0)
(931.34375, 808.0, 946.34375, 823.0)
(825.0, 196.0, 839.0, 207.0)
(1409.0, 1233.0, 1409.0, 1248.0)
(659.0, 2320.0, 1414.0, 2320.0)
(913.75, 698.0, 984.75, 716.0)
(1414.0, 228.0, 1414.0, 228.0)
(659.0, 78.0, 904.0, 97.0)
(1123.125, 969.0, 1137.125, 980.0)
(1163.78125, 1712.0, 1245.78125, 1730.0)
(824.0, 607.0, 1249.0, 626.0)
(963.59375, 1480.0, 977.59375, 1491.0)
(1243.09375, 109.0, 1266.09375, 124.0)
(489.0, 884.0, 649.0, 904.0)
(659.0, 488.0, 659.0, 488.0)
(825.0, 338.0, 918.0, 355.0)
(903.40625, 723.0, 927.40625, 738.0)
(825.0, 1512.0, 914.0, 1530.0)
(1288.359375, 152.0, 1414.359375, 203.0)
(1038.203125, 1915.0, 1134.203125, 1933.0)
(825.0, 1937.0, 839.0, 1948.0)
(659.0, 583.0, 1414.0, 583.0)
(1302.03125, 607.0, 1414.03125, 626.0)
(824.0, 2093.0, 1249.0, 2112.0)
(659.0, 588.0, 739.0, 668.0)
(871.03125, 2329.0, 884.03125, 2344.0)
(739.0, 1535.0, 819.0, 1615.0)
(921.71875, 969.0, 935.71875, 980.0)
(824.0, 1231.0, 1249.0, 1250.0)
(659.0, 1753.0, 739.0, 1833.0)
(1409.0, 509.0, 1409.0, 524.0)
(926.390625, 1730.0, 1045.390625, 1748.0)
(880.34375, 135.0, 893.34375, 150.0)
(659.0, 1122.0, 1414.0, 1122.0)
(489.0, 934.0, 649.0, 950.0)
(825.0, 1437.0, 863.0, 1454.0)
(825.0, 1878.0, 1249.0, 1893.0)
(1031.96875, 1498.0, 1045.96875, 1509.0)
(868.40625, 292.0, 912.40625, 310.0)
(659.0, 991.0, 819.0, 1071.0)
(1414.0, 78.0, 1414.0, 78.0)
(825.0, 235.0, 877.0, 250.0)
(824.0, 906.0, 1254.0, 923.0)
(1125.3125, 680.0, 1243.3125, 698.0)
(1293.359375, 2125.0, 1409.359375, 2144.0)
(825.0, 1933.0, 962.0, 1951.0)
(825.0, 565.0, 1016.0, 583.0)
(825.0, 2166.0, 933.0, 2184.0)
(659.0, 721.0, 739.0, 801.0)
(819.0, 1753.0, 819.0, 1753.0)
(824.0, 1857.0, 1249.0, 1876.0)
(489.0, 755.0, 649.0, 775.0)
(489.0, 415.0, 649.0, 435.0)
(659.0, 806.0, 659.0, 806.0)
(1018.6875, 965.0, 1109.6875, 983.0)
(1409.0, 2262.0, 1409.0, 2277.0)
(1314.71875, 286.0, 1400.71875, 301.0)
(825.0, 2148.0, 960.0, 2166.0)
(948.71875, 1712.0, 1028.71875, 1730.0)
(911.09375, 1598.0, 925.09375, 1609.0)
(955.375, 292.0, 986.375, 310.0)
(1302.03125, 1993.0, 1414.03125, 2012.0)
(825.0, 1326.0, 839.0, 1337.0)
(824.0, 991.0, 1414.0, 1122.0)
(739.0, 133.0, 819.0, 213.0)
(882.8125, 1698.0, 896.8125, 1709.0)
(659.0, 1753.0, 1414.0, 1838.0)
(1409.0, 1249.0, 1409.0, 1264.0)
(909.921875, 780.0, 1115.921875, 798.0)
(825.0, 1716.0, 839.0, 1727.0)
(824.0, 721.0, 1254.0, 738.0)
(967.15625, 1086.0, 1109.15625, 1104.0)
(825.0, 1394.0, 919.0, 1412.0)
(659.0, 2074.0, 1414.0, 2225.0)
(824.0, 844.0, 1254.0, 861.0)
(923.515625, 2329.0, 950.515625, 2344.0)
(825.0, 1437.0, 860.0, 1454.0)
(959.203125, 2284.0, 1156.203125, 2302.0)
(1112.9375, 551.0, 1126.9375, 562.0)
(1167.5625, 2033.0, 1238.5625, 2051.0)
(914.125, 908.0, 933.125, 923.0)
(825.0, 1031.0, 1249.0, 1046.0)
(825.0, 723.0, 876.0, 738.0)
(1314.890625, 925.0, 1413.890625, 944.0)
(659.0, 588.0, 659.0, 588.0)
(489.0, 864.0, 649.0, 884.0)
(1301.359375, 374.0, 1314.359375, 385.0)
(824.0, 1554.0, 1249.0, 1573.0)
(1092.78125, 662.0, 1193.78125, 680.0)
(489.0, 953.0, 649.0, 973.0)
(1067.890625, 2033.0, 1154.890625, 2051.0)
(659.0, 233.0, 1414.0, 318.0)
(825.0, 965.0, 909.0, 983.0)
(1319.890625, 422.0, 1408.890625, 441.0)
(1414.0, 1207.0, 1414.0, 1207.0)
(824.0, 906.0, 1414.0, 983.0)
(489.0, 315.0, 649.0, 335.0)
(891.71875, 1622.0, 915.71875, 1637.0)
(825.0, 2202.0, 1098.0, 2220.0)
(825.0, 1167.0, 1249.0, 1182.0)
(917.578125, 1186.0, 1031.578125, 1204.0)
(1293.359375, 284.0, 1409.359375, 303.0)
(825.0, 1773.0, 879.0, 1790.0)
(964.28125, 2033.0, 1055.28125, 2051.0)
(825.0, 210.0, 998.0, 228.0)
(825.0, 1694.0, 870.0, 1712.0)
(1414.0, 1530.0, 1414.0, 1530.0)
(489.0, 275.0, 649.0, 295.0)
(824.0, 1417.0, 1414.0, 1530.0)
(665.0, 109.0, 1266.0, 124.0)
(1095.984375, 1694.0, 1200.984375, 1712.0)
(0.0, 0.0, 1903.0, 0.0)
(489.0, 615.0, 649.0, 635.0)
(860.421875, 1622.0, 886.421875, 1637.0)
(906.34375, 808.0, 925.34375, 823.0)
(1319.140625, 1554.0, 1414.140625, 1573.0)
(659.0, 2074.0, 739.0, 2154.0)
(1288.359375, 1010.0, 1414.359375, 1061.0)
(659.0, 1535.0, 739.0, 1615.0)
(926.0, 1816.0, 940.0, 1827.0)
(819.0, 2225.0, 819.0, 2225.0)
(1293.359375, 369.0, 1409.359375, 388.0)
(926.390625, 1730.0, 1058.390625, 1748.0)
(825.0, 1304.0, 928.0, 1322.0)
(856.234375, 590.0, 875.234375, 605.0)
(659.0, 1530.0, 1414.0, 1530.0)
(825.0, 2245.0, 883.0, 2262.0)
(778.265625, 2329.0, 804.265625, 2344.0)
(1015.59375, 1698.0, 1029.59375, 1709.0)
(1204.734375, 2329.0, 1230.734375, 2344.0)
(659.0, 2225.0, 1414.0, 2325.0)
(489.0, 715.0, 649.0, 735.0)
(1319.890625, 252.0, 1408.890625, 271.0)
(899.53125, 547.0, 1099.53125, 565.0)
(825.0, 1858.0, 878.0, 1875.0)
(825.0, 1419.0, 886.0, 1434.0)
(825.0, 253.0, 906.0, 270.0)
(873.625, 1840.0, 887.625, 1855.0)
(1409.0, 355.0, 1409.0, 370.0)
(825.0, 1322.0, 1123.0, 1340.0)
(824.0, 759.0, 1254.0, 776.0)
(825.0, 1252.0, 1249.0, 1282.0)
(825.0, 1730.0, 926.0, 1748.0)
(819.0, 1620.0, 819.0, 1620.0)
(1293.359375, 454.0, 1409.359375, 473.0)
(825.0, 1897.0, 1249.0, 1897.0)
(825.0, 1129.0, 933.0, 1144.0)
(659.0, 806.0, 819.0, 886.0)
(824.0, 2112.0, 1254.0, 2144.0)
(825.0, 1555.0, 1109.0, 1572.0)
(824.0, 488.0, 1414.0, 583.0)
(489.0, 335.0, 649.0, 355.0)
(1307.03125, 1639.0, 1409.03125, 1658.0)
(659.0, 133.0, 739.0, 213.0)
(1074.140625, 462.0, 1132.140625, 480.0)
(911.09375, 1594.0, 991.09375, 1612.0)
(489.0, 1053.0, 649.0, 1073.0)
(739.0, 488.0, 819.0, 568.0)
(1301.359375, 544.0, 1314.359375, 555.0)
(825.0, 173.0, 1249.0, 188.0)
(824.0, 626.0, 1254.0, 658.0)
(1319.890625, 1772.0, 1408.890625, 1791.0)
(825.0, 2184.0, 938.0, 2202.0)
(1015.59375, 1694.0, 1082.59375, 1712.0)
(659.0, 1212.0, 659.0, 1212.0)
(1042.046875, 1340.0, 1225.046875, 1358.0)
(1011.28125, 214.0, 1025.28125, 225.0)
(824.0, 740.0, 1249.0, 759.0)
(825.0, 680.0, 936.0, 698.0)
(1075.15625, 1480.0, 1089.15625, 1491.0)
(967.15625, 1054.0, 981.15625, 1065.0)
(824.0, 1658.0, 1254.0, 1690.0)
(819.0, 906.0, 819.0, 906.0)
(659.0, 1207.0, 1414.0, 1207.0)
(983.953125, 883.0, 1043.953125, 901.0)
(819.0, 588.0, 819.0, 588.0)
(963.59375, 1476.0, 1062.59375, 1494.0)
(983.9375, 192.0, 1151.9375, 210.0)
(825.0, 569.0, 839.0, 580.0)
(825.0, 1232.0, 1007.0, 1249.0)
(659.0, 1838.0, 739.0, 1918.0)
(824.0, 171.0, 1254.0, 188.0)
(659.0, 228.0, 1414.0, 228.0)
(489.0, 973.0, 649.0, 993.0)
(706.984375, 109.0, 724.984375, 124.0)
(913.75, 698.0, 972.75, 716.0)
(739.0, 721.0, 819.0, 801.0)
(659.0, 991.0, 659.0, 991.0)
(1112.9375, 547.0, 1152.9375, 565.0)
(659.0, 806.0, 739.0, 886.0)
(824.0, 806.0, 1414.0, 901.0)
(939.125, 908.0, 963.125, 923.0)
(1314.71875, 2278.0, 1400.71875, 2293.0)
(825.0, 780.0, 897.0, 798.0)
(909.5625, 993.0, 917.5625, 1008.0)
(825.0, 192.0, 984.0, 210.0)
(929.875, 1897.0, 1045.875, 1915.0)
(909.921875, 780.0, 1128.921875, 798.0)
(825.0, 784.0, 839.0, 795.0)
(967.15625, 1050.0, 1096.15625, 1068.0)
(1319.890625, 740.0, 1408.890625, 759.0)
(899.0625, 235.0, 907.0625, 250.0)
(825.0, 358.0, 1249.0, 373.0)
(967.15625, 1086.0, 1096.15625, 1104.0)
(825.0, 1840.0, 846.0, 1855.0)
(659.0, 1122.0, 659.0, 1122.0)
(825.0, 1694.0, 1249.0, 1694.0)
(848.625, 1840.0, 867.625, 1855.0)
(659.0, 133.0, 819.0, 213.0)
(911.8125, 296.0, 925.8125, 307.0)
(825.0, 2227.0, 869.0, 2242.0)
(1394.34375, 109.0, 1408.34375, 124.0)
(489.0, 236.0, 649.0, 252.0)
(489.0, 595.0, 649.0, 615.0)
(825.0, 423.0, 923.0, 440.0)
(825.0, 741.0, 1026.0, 758.0)
(824.0, 152.0, 1249.0, 171.0)
(825.0, 965.0, 922.0, 983.0)
(824.0, 1974.0, 1414.0, 2069.0)
(824.0, 1876.0, 1254.0, 1893.0)
(1301.359375, 1268.0, 1314.359375, 1279.0)
(825.0, 153.0, 917.0, 170.0)
(1414.0, 483.0, 1414.0, 483.0)
(659.0, 2074.0, 659.0, 2074.0)
(825.0, 1376.0, 1190.0, 1394.0)
(819.0, 1417.0, 819.0, 1417.0)
(988.75, 2329.0, 1049.75, 2344.0)
(913.734375, 1755.0, 927.734375, 1770.0)
(1028.859375, 1712.0, 1150.859375, 1730.0)
(1409.0, 1012.0, 1409.0, 1027.0)
(659.0, 1412.0, 1414.0, 1412.0)
(825.0, 292.0, 868.0, 310.0)
(659.0, 906.0, 739.0, 986.0)
(1409.0, 170.0, 1409.0, 185.0)
(489.0, 146.0, 649.0, 166.0)
