(636.953125, 768.0, 732.953125, 787.0)
(934.875, 733.0, 970.875, 749.0)
(528.859375, 733.0, 582.859375, 749.0)
(880.34375, 733.0, 934.34375, 749.0)
(764.296875, 787.0, 851.296875, 806.0)
(1140.21875, 731.0, 1170.21875, 751.0)
(461.5, 13.0, 631.5, 68.0)
(461.5, 723.0, 1441.5, 840.0)
(441.5, 787.0, 490.5, 806.0)
(1310.515625, 787.0, 1330.515625, 787.0)
(1074.421875, 789.0, 1118.421875, 803.0)
(890.34375, 734.0, 935.34375, 748.0)
(980.796875, 734.0, 1023.796875, 748.0)
(1330.515625, 787.0, 1331.515625, 788.0)
(517.671875, -34.0, 1233.671875, -10.0)
(1026.703125, 770.0, 1062.703125, 784.0)
(0.0, 163.0, 0.0, 163.0)
(761.5, 244.0, 1141.5, 420.0)
(932.390625, 787.0, 995.390625, 806.0)
(710.921875, 789.0, 763.921875, 803.0)
(441.5, 768.0, 504.5, 787.0)
(669.359375, -34.0, 1089.359375, -10.0)
(1205.53125, -26.109375, 1214.53125, -18.109375)
(1350.515625, 787.0, 1351.515625, 788.0)
(639.578125, 734.0, 671.578125, 748.0)
(504.203125, 768.0, 557.203125, 787.0)
(1297.546875, -30.0, 1318.546875, -14.0)
(0.0, 0.0, 1903.0, 83.0)
(752.34375, 770.0, 786.34375, 784.0)
(1263.53125, -34.0, 1441.53125, -10.0)
(800.5, 290.0, 1102.5, 336.0)
(800.5, 342.0, 1102.5, 386.0)
(592.890625, 734.0, 629.890625, 748.0)
(970.796875, 733.0, 1024.796875, 749.0)
(1024.171875, 733.0, 1130.171875, 749.0)
(800.5, 296.0, 1102.5, 330.0)
(461.0, -29.0, 508.0, -15.0)
(577.578125, 770.0, 636.578125, 784.0)
(1212.796875, 770.0, 1277.796875, 784.0)
(461.5, 30.0, 462.5, 31.0)
(0.0, 723.0, 1903.0, 840.0)
(1141.421875, 770.0, 1193.421875, 784.0)
(1330.515625, 787.0, 1350.515625, 787.0)
(681.59375, 734.0, 719.59375, 748.0)
(510.1875, 789.0, 574.1875, 803.0)
(461.5, 770.0, 503.5, 784.0)
(461.5, 82.0, 1441.5, 82.0)
(671.59375, 733.0, 720.59375, 749.0)
(871.6875, 789.0, 931.6875, 803.0)
(461.5, 826.0, 1441.5, 840.0)
(851.6875, 787.0, 932.6875, 806.0)
(461.5, 0.0, 1441.5, 68.0)
(944.875, 734.0, 970.875, 748.0)
(0.0, 0.0, 2638.0, 240.0)
(1130.21875, 731.0, 1170.21875, 751.0)
(952.390625, 789.0, 995.390625, 803.0)
(0.0, 0.0, 1903.0, 0.0)
(526.671875, -33.0, 647.671875, -11.0)
(593.546875, 789.0, 639.546875, 803.0)
(461.5, 827.0, 548.5, 839.0)
(1265.828125, 787.0, 1310.828125, 806.0)
(1117.78125, 787.0, 1213.78125, 806.0)
(800.5, 250.0, 1102.5, 284.0)
(1331.921875, -30.0, 1343.921875, -14.0)
(0.0, 0.0, 0.0, 0.0)
(784.296875, 789.0, 852.296875, 803.0)
(1199.15625, 788.0, 1215.15625, 804.0)
(461.5, 733.0, 528.5, 749.0)
(461.5, 751.0, 1441.5, 760.0)
(441.5, 768.0, 1441.5, 806.0)
(0.0, 0.0, 551.0, 16.0)
(720.296875, 733.0, 775.296875, 749.0)
(461.0, -44.0, 1442.0, 0.0)
(0.0, 0.0, 1145.0, 16.0)
(557.578125, 768.0, 636.578125, 787.0)
(0.0, 83.0, 1903.0, 527.0)
(863.28125, 770.0, 897.28125, 784.0)
(995.078125, 787.0, 1054.078125, 806.0)
(876.9375, 205.0, 1025.9375, 225.0)
(0.0, 83.0, 1903.0, 840.0)
(805.90625, 770.0, 842.90625, 784.0)
(845.765625, 399.0, 931.765625, 413.0)
(644.5, 163.0, 1258.5, 447.0)
(775.65625, 733.0, 880.65625, 749.0)
(843.28125, 768.0, 897.28125, 787.0)
(753.5, 244.0, 1149.5, 420.0)
(785.90625, 768.0, 843.90625, 787.0)
(659.5625, 789.0, 690.5625, 803.0)
(1298.171875, 770.0, 1338.171875, 784.0)
(0.0, 860.0, 1903.0, 860.0)
(732.34375, 768.0, 785.34375, 787.0)
(1243.53125, -34.0, 1441.53125, -10.0)
(1034.171875, 734.0, 1130.171875, 748.0)
(1082.734375, 770.0, 1120.734375, 784.0)
(1006.703125, 768.0, 1062.703125, 787.0)
(629.578125, 733.0, 671.578125, 749.0)
(0.0, 0.0, 1903.0, 840.0)
(573.546875, 787.0, 639.546875, 806.0)
(0.0, 163.0, 1.0, 164.0)
(761.5, 392.0, 1141.5, 420.0)
(897.3125, 768.0, 1006.3125, 787.0)
(639.5625, 787.0, 690.5625, 806.0)
(0.0, 83.0, 1903.0, 723.0)
(1192.796875, 768.0, 1278.796875, 787.0)
(1278.171875, 768.0, 1337.171875, 787.0)
(800.5, 244.0, 1102.5, 290.0)
(461.5, 723.0, 1441.5, 751.0)
(0.0, 0.0, 345.0, 16.0)
(461.0, -34.0, 518.0, -10.0)
(517.671875, -34.0, 669.671875, -10.0)
(917.3125, 770.0, 1007.3125, 784.0)
(461.5, 768.0, 1441.5, 806.0)
(730.296875, 734.0, 776.296875, 748.0)
(0.0, 860.0, 0.0, 860.0)
(1213.15625, 787.0, 1265.15625, 806.0)
(449.0, -44.0, 1454.0, 0.0)
(1015.078125, 789.0, 1054.078125, 803.0)
(641.5, 36.0, 708.5, 68.0)
(0.0, 0.0, 2460.0, 624.0)
(490.1875, 787.0, 573.1875, 806.0)
(0.0, 0.0, 241.0, 16.0)
(1233.15625, 789.0, 1266.15625, 803.0)
(524.203125, 770.0, 558.203125, 784.0)
(761.5, 336.0, 1141.5, 392.0)
(1137.78125, 787.0, 1212.78125, 806.0)
(461.5, 51.0, 631.5, 67.0)
(1121.421875, 768.0, 1192.421875, 787.0)
(1062.734375, 768.0, 1121.734375, 787.0)
(538.859375, 734.0, 582.859375, 748.0)
(753.5, 186.0, 1149.5, 244.0)
(943.15625, 399.0, 1057.15625, 413.0)
(461.5, 30.0, 631.5, 64.0)
(690.921875, 787.0, 764.921875, 806.0)
(0.0, 0.0, 1903.0, 82.0)
(582.890625, 733.0, 629.890625, 749.0)
(785.65625, 734.0, 879.65625, 748.0)
(1089.8125, -34.0, 1223.8125, -10.0)
(1054.421875, 787.0, 1117.421875, 806.0)
(651.359375, -26.109375, 660.359375, -18.109375)
(0.0, 0.0, 6400.0, 144.0)
(651.359375, -33.0, 660.359375, -11.0)
(1098.8125, -33.0, 1201.8125, -11.0)
(656.953125, 770.0, 731.953125, 784.0)
(1205.53125, -33.0, 1214.53125, -11.0)
(461.5, 789.0, 489.5, 803.0)
(1149.21875, 735.0, 1161.21875, 747.0)
(0.0, 82.0, 1903.0, 82.0)
(1357.53125, 770.0, 1410.53125, 784.0)
(0.0, 0.0, 749.0, 16.0)
(1285.828125, 789.0, 1310.828125, 803.0)
(0.0, 0.0, 1903.0, 32.0)
(461.5, 82.0, 461.5, 82.0)
(932.484375, 399.0, 943.484375, 413.0)
(1337.53125, 768.0, 1410.53125, 787.0)
