(1335.0625, 3895.5, 1443.0625, 3908.5)
(1147.421875, 11879.203125, 1160.421875, 11894.203125)
(396.5, 12506.421875, 677.5, 12550.421875)
(1156.5, 4558.5, 1506.5, 5717.5)
(437.0, 5650.6875, 545.0, 5663.6875)
(456.5, 8212.6875, 891.5, 8248.6875)
(656.5, 984.4375, 1506.5, 1247.4375)
(776.5, 8666.6875, 1126.5, 8688.6875)
(416.5, 9356.75, 726.5, 9378.75)
(707.796875, 13002.421875, 789.796875, 13017.421875)
(0.0, 1022.0, 1903.0, 1022.0)
(508.90625, 8212.6875, 544.90625, 8248.6875)
(686.5, 1138.4375, 912.5, 1230.4375)
(1156.5, 4558.5, 1506.5, 4676.5)
(891.5, 12872.921875, 978.5, 12888.921875)
(1176.5, 9361.75, 1315.5, 9374.75)
(676.5, 11211.875, 1226.5, 11286.875)
(686.5, 1138.4375, 927.5, 1206.4375)
(396.5, 4676.5, 746.5, 5702.5)
(776.5, 4613.5, 1126.5, 4651.5)
(796.5, 4959.5625, 1106.5, 4981.5625)
(966.5, 4392.5, 1221.5, 4436.5)
(891.84375, 7123.6875, 1011.84375, 7146.6875)
(656.5, 984.4375, 1506.5, 1223.4375)
(969.921875, 7303.6875, 1048.921875, 7316.6875)
(1306.5, 8931.6875, 1356.5, 8974.6875)
(0.0, 12263.921875, 952.0, 12603.921875)
(407.1875, 8819.6875, 641.1875, 8832.6875)
(1111.5, 1537.0, 1269.5, 1663.0)
(416.5, 5098.484375, 726.5, 5115.484375)
(1387.5625, 940.0, 1417.5625, 970.0)
(1333.5, 1627.0, 1452.5, 1650.0)
(411.5, 5906.6875, 919.5, 6053.6875)
(381.5, 8916.6875, 1521.5, 10075.6875)
(396.5, 11470.296875, 746.5, 11487.296875)
(656.5, 984.4375, 1506.5, 1199.4375)
(1141.5, 8328.6875, 1521.5, 8836.6875)
(909.6875, 9704.8125, 987.6875, 9717.8125)
(726.5, 12693.921875, 876.5, 12825.921875)
(1156.5, 11631.921875, 1506.5, 11732.921875)
(396.5, 3391.5, 651.5, 3646.5)
(396.5, 11829.921875, 1506.5, 11945.921875)
(396.5, 6785.6875, 746.5, 7135.6875)
(776.5, 8931.6875, 1126.5, 10090.6875)
(1056.5, 12877.921875, 1206.5, 12899.921875)
(1085.515625, 6688.6875, 1227.515625, 6701.6875)
(686.5, 1138.4375, 918.5, 1230.4375)
(686.5, 1138.4375, 902.5, 1182.4375)
(1156.5, 4676.5, 1506.5, 5700.5)
(3464.5, 12263.921875, 3722.5, 12263.921875)
(0.0, 978.4375, 1903.0, 1117.4375)
(1236.5, 3391.5, 1521.5, 3934.5)
(761.5, 6785.6875, 1141.5, 7320.6875)
(529.375, 9704.8125, 607.375, 9717.8125)
(1156.5, 9049.6875, 1506.5, 10075.6875)
(796.5, 4779.421875, 1106.5, 4796.421875)
(381.5, 10312.875, 1521.5, 11358.875)
(1251.5, 3634.5, 1506.5, 3656.5)
(681.5, 4217.5, 936.5, 4239.5)
(926.5, 4558.5, 976.5, 4608.5)
(776.5, 11737.921875, 1126.5, 11759.921875)
(686.5, 1138.4375, 910.5, 1182.4375)
(396.5, 3391.5, 651.5, 3799.5)
(1307.359375, 11594.921875, 1355.359375, 11607.921875)
(926.5, 4573.390625, 976.5, 4590.390625)
(684.5, 12263.921875, 942.5, 12263.921875)
(466.5, 3064.5, 560.5, 3077.5)
(492.015625, 13000.421875, 579.015625, 13017.421875)
(1062.5, 1534.0, 1284.5, 1534.0)
(962.5, 12263.921875, 1220.5, 12263.921875)
(726.5, 12693.921875, 876.5, 12715.921875)
(817.0, 5602.6875, 895.0, 5615.6875)
(796.5, 9637.8125, 1093.5, 9683.8125)
(1176.5, 5439.546875, 1486.5, 5456.546875)
(396.5, 7661.6875, 951.5, 8298.6875)
(1176.5, 4964.5625, 1420.5, 4977.5625)
(796.5, 9756.8125, 1106.5, 9940.8125)
(686.5, 1148.4375, 916.5, 1192.4375)
(769.6875, 4217.5, 848.6875, 4240.5)
(959.828125, 1138.4375, 1185.828125, 1206.4375)
(776.5, 8931.6875, 1126.5, 9049.6875)
(1796.5, 12263.921875, 2054.5, 12263.921875)
(381.5, 5922.6875, 1521.5, 6043.6875)
(381.5, 1733.0, 1521.5, 3121.0)
(484.8125, 4446.5, 563.8125, 4459.5)
(1162.328125, 3757.5, 1162.328125, 3774.5)
(959.828125, 1138.4375, 1186.828125, 1182.4375)
(1176.5, 9613.8125, 1476.5, 9683.8125)
(416.5, 5645.6875, 726.5, 5667.6875)
(944.828125, 999.4375, 1218.828125, 1232.4375)
(934.84375, 4964.5625, 1013.84375, 4977.5625)
(0.0, 10105.875, 1903.0, 10291.875)
(2074.5, 12000.921875, 2332.5, 12263.921875)
(1251.5, 12674.3125, 1394.5, 12691.3125)
(1251.5, 12991.921875, 1281.5, 13021.921875)
(396.5, 994.4375, 1506.5, 1117.4375)
(396.5, 4558.5, 746.5, 5717.5)
(473.46875, 4424.5, 574.46875, 4437.5)
(1301.890625, 8666.6875, 1361.890625, 8689.6875)
(686.5, 999.4375, 883.5, 1116.4375)
(1156.5, 8666.6875, 1506.5, 8688.6875)
(0.0, 0.0, 0.0, 0.0)
(776.5, 7165.6875, 1126.5, 7273.6875)
(686.5, 1138.4375, 919.5, 1206.4375)
(1047.765625, 4397.5, 1160.765625, 4410.5)
(416.5, 5650.6875, 555.5, 5663.6875)
(959.828125, 1138.4375, 1186.828125, 1206.4375)
(1447.5625, 940.0, 1477.5625, 970.0)
(396.5, 4558.5, 746.5, 4676.5)
(796.5, 5216.625, 1053.5, 5262.625)
(381.5, 6785.6875, 761.5, 7320.6875)
(944.828125, 999.4375, 1218.828125, 1208.4375)
(951.5, 7970.078125, 1506.5, 7987.078125)
(658.046875, 8819.6875, 735.046875, 8832.6875)
(1156.5, 8708.6875, 1506.5, 8789.6875)
(492.953125, 8986.6875, 650.953125, 9023.6875)
(618.5, 1312.0, 840.5, 1693.0)
(416.5, 9269.75, 726.5, 9341.75)
(959.828125, 1138.4375, 1196.828125, 1206.4375)
(437.0, 9704.8125, 515.0, 9717.8125)
(796.5, 9699.8125, 1106.5, 9721.8125)
(959.828125, 1148.4375, 1192.828125, 1216.4375)
(854.6875, 7303.6875, 957.6875, 7316.6875)
(396.5, 12456.421875, 677.5, 12496.421875)
(1456.5, 12108.71875, 1506.5, 12158.71875)
(686.5, 1138.4375, 893.5, 1182.4375)
(681.5, 4365.5, 936.5, 4409.5)
(1251.5, 3974.5, 1506.5, 4436.5)
(761.5, 11358.875, 1141.5, 11759.875)
(381.5, 11829.921875, 1521.5, 11950.921875)
(959.828125, 1009.4375, 1202.828125, 1126.4375)
(776.5, 7123.6875, 1126.5, 7145.6875)
(0.0, 12603.921875, 1903.0, 13203.921875)
(396.5, 1158.4375, 656.5, 1199.4375)
(0.0, 0.0, 27.0, 19.0)
(1056.5, 12833.921875, 1206.5, 12855.921875)
(416.5, 9756.8125, 726.5, 10040.8125)
(1236.5, 12663.921875, 1521.5, 12971.921875)
(1281.5, 12991.921875, 1311.5, 13021.921875)
(951.5, 6123.6875, 1506.5, 6755.6875)
(1056.5, 12740.921875, 1183.5, 12756.921875)
(656.5, 994.4375, 1506.5, 1209.4375)
(396.5, 1312.0, 618.5, 1512.0)
(445.5, 1534.0, 607.5, 1600.0)
(561.5, 12696.921875, 666.5, 12712.921875)
(396.5, 8328.6875, 1506.5, 8876.6875)
(776.5, 11589.921875, 1126.5, 11611.921875)
(796.5, 9070.6875, 1106.5, 9402.6875)
(686.5, 1138.4375, 918.5, 1206.4375)
(1323.5, 1534.0, 1505.5, 1649.0)
(0.0, 11829.921875, 1903.0, 12263.921875)
(796.5, 5278.625, 1106.5, 5300.625)
(1796.5, 12000.921875, 2054.5, 12263.921875)
(671.5, 999.4375, 944.5, 1208.4375)
(1251.5, 3391.5, 1506.5, 3646.5)
(381.5, 994.4375, 1521.5, 1404.4375)
(1251.5, 3676.5, 1506.5, 3885.5)
(396.5, 12000.921875, 1506.5, 12263.921875)
(686.5, 1138.4375, 917.5, 1182.4375)
(396.5, 12403.921875, 677.5, 12550.921875)
(396.5, 1117.4375, 656.5, 1158.4375)
(713.8125, 937.0, 779.8125, 973.0)
(1156.5, 6950.578125, 1506.5, 6967.578125)
(396.5, 8328.6875, 746.5, 8678.6875)
(776.5, 11631.921875, 1126.5, 11712.921875)
(840.5, 1312.0, 1062.5, 1693.0)
(396.5, 3220.5, 1506.5, 3336.5)
(571.8125, 3064.5, 661.8125, 3077.5)
(396.5, 1035.4375, 656.5, 1076.4375)
(776.5, 4558.5, 1126.5, 5717.5)
(396.5, 994.4375, 1506.5, 1240.4375)
(686.5, 1138.4375, 892.5, 1182.4375)
(966.5, 3974.5, 1221.5, 4229.5)
(686.5, 1138.4375, 929.5, 1182.4375)
(671.5, 999.4375, 944.5, 1184.4375)
(796.5, 5016.5625, 1106.5, 5300.5625)
(703.8125, 929.0, 789.8125, 981.0)
(421.5, 2755.5, 1143.5, 3100.5)
(561.5, 12784.921875, 632.5, 12800.921875)
(671.5, 1009.4375, 944.5, 1194.4375)
(776.5, 4558.5, 1126.5, 4676.5)
(776.5, 8708.6875, 1126.5, 8809.6875)
(2908.5, 12263.921875, 3166.5, 12263.921875)
(381.5, 4543.5, 1521.5, 5702.5)
(396.5, 12000.921875, 4566.5, 12263.921875)
(681.5, 3974.5, 936.5, 4229.5)
(561.5, 12667.921875, 624.5, 12682.921875)
(396.5, 3508.890625, 651.5, 3525.890625)
(891.5, 12825.921875, 1041.5, 12847.921875)
(546.5, 8931.6875, 596.5, 8981.6875)
(1085.515625, 6688.6875, 1085.515625, 6701.6875)
(1297.046875, 4613.5, 1365.046875, 4650.5)
(726.5, 12737.921875, 876.5, 12759.921875)
(686.5, 1138.4375, 916.5, 1182.4375)
(1176.5, 5038.5625, 1486.5, 5322.5625)
(796.5, 9385.75, 905.5, 9398.75)
(473.765625, 7276.6875, 574.765625, 7289.6875)
(1062.5, 1312.0, 1284.5, 1693.0)
(1251.5, 3391.5, 1506.5, 3934.5)
(1251.5, 4392.5, 1506.5, 4436.5)
(686.5, 1148.4375, 918.5, 1240.4375)
(493.96875, 4424.5, 574.96875, 4437.5)
(889.5, 1534.0, 1051.5, 1584.0)
(796.5, 5016.5625, 1106.5, 5200.5625)
(681.5, 4091.890625, 936.5, 4108.890625)
(926.5, 8946.578125, 976.5, 8963.578125)
(891.5, 12847.921875, 1041.5, 12869.921875)
(671.5, 1009.4375, 1491.5, 1242.4375)
(761.5, 8916.6875, 1141.5, 10075.6875)
(416.5, 4896.5625, 726.5, 4944.5625)
(416.5, 4779.421875, 726.5, 4796.421875)
(1056.5, 12902.921875, 1099.5, 12918.921875)
(686.5, 1138.4375, 928.5, 1182.4375)
(1006.5, 12303.921875, 1371.5, 12331.921875)
(492.015625, 13002.421875, 579.015625, 13017.421875)
(416.5, 5216.625, 709.5, 5286.625)
(396.5, 6785.6875, 746.5, 7293.6875)
(796.5, 5283.625, 904.5, 5296.625)
(686.5, 1138.4375, 916.5, 1206.4375)
(690.125, 8224.6875, 773.125, 8237.6875)
(416.5, 9704.8125, 524.5, 9717.8125)
(396.5, 2416.640625, 1506.5, 2433.640625)
(546.5, 8931.6875, 596.5, 8971.6875)
(381.5, 7460.6875, 1521.5, 7581.6875)
(1284.5, 1312.0, 1506.5, 1512.0)
(591.453125, 7276.6875, 669.453125, 7289.6875)
(769.8125, 4392.5, 848.8125, 4405.5)
(686.5, 1138.4375, 899.5, 1182.4375)
(671.5, 1009.4375, 1491.5, 1218.4375)
(1337.953125, 3917.5, 1420.953125, 3930.5)
(1056.5, 12781.921875, 1221.5, 12921.921875)
(396.5, 11631.921875, 746.5, 11712.921875)
(1156.5, 11589.921875, 1506.5, 11611.921875)
(1197.0, 10023.875, 1339.0, 10036.875)
(809.234375, 13002.421875, 923.234375, 13017.421875)
(776.5, 8708.6875, 1126.5, 8789.6875)
(437.0, 9361.75, 515.0, 9374.75)
(0.0, 12663.921875, 1903.0, 13120.921875)
(416.5, 9152.609375, 726.5, 9169.609375)
(1056.5, 12785.921875, 1178.5, 12800.921875)
(681.5, 4259.5, 936.5, 4340.5)
(546.890625, 8671.6875, 596.890625, 8684.6875)
(0.0, 11829.921875, 1903.0, 11950.921875)
(1443.421875, 3892.5, 1443.421875, 3909.5)
(546.5, 4558.5, 596.5, 4598.5)
(1136.5, 12488.921875, 1268.5, 12528.921875)
(0.0, 12263.921875, 1903.0, 12263.921875)
(840.625, 11742.921875, 987.625, 11755.921875)
(671.5, 1009.4375, 1491.5, 1194.4375)
(1279.546875, 5648.6875, 1359.546875, 5661.6875)
(1251.5, 4217.5, 1506.5, 4239.5)
(396.5, 3755.5, 651.5, 3799.5)
(1176.5, 4697.5, 1486.5, 5003.5)
(1054.703125, 4217.5, 1133.703125, 4240.5)
(1251.5, 4259.5, 1506.5, 4387.5)
(396.5, 1322.4375, 656.5, 1363.4375)
(561.5, 12693.921875, 711.5, 12847.921875)
(396.5, 3676.5, 651.5, 3730.5)
(905.09375, 4613.5, 997.09375, 4650.5)
(0.0, 1302.0, 1903.0, 1302.0)
(959.828125, 999.4375, 1156.828125, 1116.4375)
(494.265625, 7276.6875, 574.265625, 7289.6875)
(1176.5, 9704.8125, 1284.5, 9717.8125)
(926.890625, 8671.6875, 976.890625, 8684.6875)
(1062.5, 1401.890625, 1284.5, 1418.890625)
(1314.5625, 3895.5, 1443.5625, 3908.5)
(686.5, 1138.4375, 905.5, 1182.4375)
(1176.5, 9269.75, 1486.5, 9341.75)
(959.828125, 1058.578125, 1156.828125, 1074.578125)
(4298.5, 12000.921875, 4556.5, 12263.921875)
(396.5, 12303.921875, 816.5, 12331.921875)
(427.6875, 8819.6875, 641.6875, 8832.6875)
(1176.5, 4959.5625, 1486.5, 5003.5625)
(1064.125, 3634.5, 1123.125, 3657.5)
(891.5, 12737.921875, 1041.5, 12759.921875)
(421.5, 2985.5, 1143.5, 3035.5)
(686.5, 1009.4375, 929.5, 1126.4375)
(796.5, 9955.875, 1106.5, 10003.875)
(1251.5, 12991.921875, 1506.5, 13021.921875)
(796.5, 4896.5625, 1106.5, 4944.5625)
(947.921875, 13000.421875, 1098.921875, 13017.421875)
(529.6875, 9361.75, 607.6875, 9374.75)
(796.5, 9636.8125, 1106.5, 9684.8125)
(1176.5, 9838.734375, 1486.5, 9855.734375)
(416.5, 10018.875, 726.5, 10040.875)
(1176.5, 5238.625, 1479.5, 5284.625)
(1056.5, 12696.921875, 1160.5, 12712.921875)
(35.0, 801.0, 301.0, 951.0)
(966.5, 3391.5, 1221.5, 3646.5)
(966.5, 3676.5, 1221.5, 3730.5)
(561.5, 12740.921875, 635.5, 12778.921875)
(707.796875, 13000.421875, 789.796875, 13017.421875)
(396.5, 3974.5, 651.5, 4229.5)
(396.5, 9049.6875, 746.5, 10075.6875)
(0.0, 0.0, 1903.0, 918.0)
(959.828125, 1146.4375, 1202.828125, 1218.4375)
(1176.5, 5357.625, 1486.5, 5541.625)
(0.0, 11799.921875, 1903.0, 11799.921875)
(959.828125, 1138.4375, 1183.828125, 1206.4375)
(1256.0, 8819.6875, 1338.0, 8832.6875)
(796.5, 9437.75, 1106.5, 9721.75)
(1251.5, 3890.5, 1506.5, 3934.5)
(396.5, 12351.921875, 816.5, 12393.921875)
(966.5, 3634.5, 1221.5, 3656.5)
(726.5, 12718.921875, 788.5, 12734.921875)
(686.5, 1138.4375, 920.5, 1230.4375)
(2908.5, 12000.921875, 3166.5, 12263.921875)
(951.5, 7661.6875, 1506.5, 8298.6875)
(-1903.0, -1046.0, -1667.0, 34.0)
(1156.5, 4613.5, 1506.5, 4651.5)
(1873.9000244140625, 1026.9000244140625, 1893.9000244140625, 1046.9000244140625)
(416.5, 4959.5625, 726.5, 4981.5625)
(581.5, 10998.875, 1321.5, 11328.875)
(1251.5, 3974.5, 1506.5, 4229.5)
(1156.5, 8931.6875, 1506.5, 10090.6875)
(1136.5, 12403.921875, 1222.5, 12448.921875)
(381.5, 7631.6875, 1521.5, 8298.6875)
(1011.5, 6173.6875, 1446.5, 6503.6875)
(396.5, 8986.6875, 746.5, 9024.6875)
(1141.5, 6785.6875, 1521.5, 7320.6875)
(845.5, 8819.6875, 958.5, 8832.6875)
(959.828125, 1138.4375, 1183.828125, 1182.4375)
(889.5, 1537.0, 1047.5, 1575.0)
(889.5, 1589.0, 964.5, 1612.0)
(1297.1875, 7128.6875, 1365.1875, 7141.6875)
(416.5, 9613.8125, 723.5, 9683.8125)
(966.5, 3391.5, 1221.5, 3799.5)
(0.0, 0.0, 1903.0, 1080.0)
(1236.5, 3974.5, 1521.5, 4463.5)
(456.5, 7711.6875, 891.5, 8107.6875)
(1056.5, 12836.921875, 1105.5, 12852.921875)
(947.921875, 13002.421875, 1098.921875, 13017.421875)
(796.5, 5215.625, 1106.5, 5263.625)
(396.5, 3634.5, 651.5, 3656.5)
(1333.5, 1627.0, 1495.5, 1649.0)
(1176.5, 5556.6875, 1486.5, 5628.6875)
(959.828125, 1148.4375, 1165.828125, 1192.4375)
(600.984375, 10997.875, 1302.984375, 11197.875)
(466.5, 3055.5, 799.5, 3086.5)
(1176.5, 9070.6875, 1486.5, 10040.6875)
(416.5, 9495.671875, 726.5, 9512.671875)
(1136.5, 12403.921875, 1156.5, 12423.921875)
(381.5, 12994.421875, 1521.5, 13121.421875)
(959.828125, 1138.4375, 1199.828125, 1206.4375)
(396.5, 7165.6875, 746.5, 7266.6875)
(421.5, 2754.5, 1172.5, 2969.5)
(1156.5, 11358.875, 1506.5, 11601.875)
(0.0, 0.0, 1903.0, 5.0)
(959.828125, 1138.4375, 1184.828125, 1182.4375)
(776.5, 6785.6875, 1126.5, 7320.6875)
(1156.5, 7165.6875, 1506.5, 7239.6875)
(1357.5625, 940.0, 1477.5625, 970.0)
(456.5, 8142.6875, 891.5, 8202.6875)
(3186.5, 12263.921875, 3444.5, 12263.921875)
(891.5, 12828.921875, 936.5, 12844.921875)
(396.5, 1281.4375, 656.5, 1322.4375)
(1056.5, 12855.921875, 1206.5, 12877.921875)
(889.5, 1589.0, 1051.5, 1611.0)
(0.0, 5922.6875, 1903.0, 6755.6875)
(809.234375, 13000.421875, 923.234375, 13017.421875)
(1487.5625, 944.0, 1501.5625, 966.0)
(0.0, 0.0, 1903.0, 12264.0)
(516.84375, 7128.6875, 626.84375, 7141.6875)
(381.5, 13030.421875, 1236.5, 13098.421875)
(1827.0, 1026.609375, 1856.0, 1055.609375)
(1302.359375, 11589.921875, 1360.359375, 11612.921875)
(959.828125, 1009.4375, 1156.828125, 1126.4375)
(789.875, 8224.6875, 839.875, 8237.6875)
(666.5, 3974.5, 951.5, 4463.5)
(1056.5, 12899.921875, 1206.5, 12921.921875)
(396.5, 10105.875, 1506.5, 10286.875)
(1362.6875, 7249.6875, 1441.6875, 7262.6875)
(1176.5, 5305.625, 1284.5, 5318.625)
(1016.140625, 6172.6875, 1442.140625, 6504.6875)
(473.46875, 11742.921875, 574.46875, 11755.921875)
(875.1875, 7303.6875, 957.1875, 7316.6875)
(569.90625, 8224.6875, 569.90625, 8237.6875)
(396.5, 6429.578125, 951.5, 6446.578125)
(959.828125, 1138.4375, 1170.828125, 1206.4375)
(1289.375, 9704.8125, 1372.375, 9717.8125)
(1197.0, 9361.75, 1305.0, 9374.75)
(2352.5, 12263.921875, 2610.5, 12263.921875)
(1069.125, 3639.5, 1118.125, 3652.5)
(381.5, 12998.421875, 1236.5, 13030.421875)
(396.5, 994.4375, 656.5, 1035.4375)
(1211.5, 6638.6875, 1246.5, 6673.6875)
(400.5, 1534.0, 435.5, 1569.0)
(1176.5, 9699.8125, 1486.5, 9721.8125)
(1156.5, 11631.921875, 1506.5, 11712.921875)
(1056.5, 12762.921875, 1148.5, 12778.921875)
(681.5, 3391.5, 936.5, 3646.5)
(1176.5, 9955.875, 1486.5, 10003.875)
(396.5, 10312.875, 1506.5, 10968.875)
(911.765625, 10023.875, 994.765625, 10036.875)
(909.375, 5283.625, 987.375, 5296.625)
(416.5, 5016.5625, 726.5, 5324.5625)
(1306.5, 4558.5, 1356.5, 4598.5)
(597.921875, 5307.625, 676.921875, 5320.625)
(0.0, 0.0, 304.0, 154.0)
(574.5, 929.0, 1172.5, 981.0)
(619.046875, 498.671875, 1284.046875, 854.671875)
(1176.5, 9756.8125, 1486.5, 9940.8125)
(574.5, 929.0, 1165.5, 981.0)
(959.828125, 1138.4375, 1171.828125, 1182.4375)
(1176.5, 5357.625, 1486.5, 5665.625)
(381.5, 6093.6875, 1521.5, 6755.6875)
(416.5, 9956.875, 705.5, 10002.875)
(401.5, 934.375, 544.5, 976.375)
(1333.5, 1534.0, 1495.5, 1622.0)
(671.5, 999.4375, 944.5, 1232.4375)
(584.5, 937.0, 693.5, 973.0)
(959.828125, 1138.4375, 1195.828125, 1206.4375)
(959.828125, 1138.4375, 1202.828125, 1182.4375)
(411.5, 11813.921875, 1137.5, 11960.921875)
(3742.5, 12000.921875, 4000.5, 12263.921875)
(396.5, 12693.921875, 546.5, 12693.921875)
(1319.34375, 4217.5, 1438.34375, 4240.5)
(726.5, 12762.921875, 850.5, 12778.921875)
(0.0, 448.890625, 1903.0, 465.890625)
(381.5, 12000.921875, 1521.5, 12263.921875)
(686.5, 999.4375, 929.5, 1116.4375)
(686.5, 1146.4375, 929.5, 1242.4375)
(840.5, 1534.0, 1062.5, 1534.0)
(1176.5, 10018.875, 1486.5, 10040.875)
(416.5, 9413.75, 726.5, 9597.75)
(776.5, 11358.875, 1126.5, 11759.875)
(386.5, 928.0, 1526.5, 982.0)
(529.6875, 10023.875, 606.6875, 10036.875)
(381.5, 3391.5, 666.5, 3934.5)
(1518.5, 12263.921875, 1776.5, 12263.921875)
(396.5, 1312.0, 1506.5, 1693.0)
(959.828125, 1138.4375, 1195.828125, 1182.4375)
(-1737.0, -538.0, -1687.0, -488.0)
(686.5, 1148.4375, 917.5, 1192.4375)
(0.0, 12303.921875, 952.0, 12303.921875)
(561.5, 12715.921875, 711.5, 12737.921875)
(542.359375, 11589.921875, 600.359375, 11612.921875)
(30.0, 796.0, 306.0, 1050.0)
(667.5, 1627.0, 786.5, 1650.0)
(1006.5, 12351.921875, 1371.5, 12393.921875)
(260.3125, 1017.0, 301.3125, 1045.0)
(726.5, 12781.921875, 876.5, 12803.921875)
(1251.5, 3676.5, 1506.5, 3865.5)
(1176.5, 5038.5625, 1486.5, 5222.5625)
(574.5, 929.0, 703.5, 981.0)
(396.5, 7271.6875, 746.5, 7293.6875)
(569.90625, 8224.6875, 673.90625, 8237.6875)
(891.5, 12696.921875, 996.5, 12712.921875)
(591.15625, 11742.921875, 669.15625, 11755.921875)
(0.0, 10192.875, 1903.0, 11799.875)
(0.0, 978.4375, 1903.0, 1404.4375)
(796.5, 9270.75, 1095.5, 9364.75)
(1156.5, 8328.6875, 1506.5, 8678.6875)
(959.828125, 999.4375, 1202.828125, 1116.4375)
(396.5, 11589.921875, 746.5, 11611.921875)
(1176.5, 9356.75, 1486.5, 9378.75)
(686.5, 1146.4375, 929.5, 1194.4375)
(1011.5, 6638.6875, 1446.5, 6705.6875)
(1176.5, 9070.6875, 1486.5, 9378.6875)
(891.5, 12806.921875, 932.5, 12822.921875)
(1341.5, 12991.921875, 1371.5, 13021.921875)
(686.5, 1136.4375, 929.5, 1232.4375)
(0.0, 0.0, 1903.0, 88.0)
(903.640625, 4367.5, 903.640625, 4384.5)
(35.0, 1023.0, 184.0, 1045.0)
(15.0, 7460.6875, 1888.0, 7581.6875)
(511.84375, 7123.6875, 631.84375, 7146.6875)
(1062.5, 1312.0, 1284.5, 1512.0)
(1438.03125, 4394.5, 1438.03125, 4411.5)
(776.5, 11470.296875, 1126.5, 11487.296875)
(1056.5, 12814.921875, 1104.5, 12830.921875)
(796.5, 4697.5, 1106.5, 5619.5)
(671.5, 1009.4375, 944.5, 1218.4375)
(396.5, 10312.875, 1506.5, 11328.875)
(396.5, 1076.4375, 656.5, 1117.4375)
(0.0, 8906.6875, 1903.0, 8906.6875)
(776.5, 9049.6875, 1126.5, 10075.6875)
(796.5, 9380.75, 1106.5, 9402.75)
(796.5, 5335.625, 1106.5, 5619.625)
(891.5, 12667.921875, 958.5, 12682.921875)
(499.859375, 4222.5, 548.859375, 4235.5)
(396.5, 4419.5, 651.5, 4463.5)
(891.5, 12693.921875, 1041.5, 12715.921875)
(686.5, 1148.4375, 891.5, 1192.4375)
(1137.421875, 11879.203125, 1343.421875, 11895.203125)
(396.5, 11358.875, 746.5, 11759.875)
(1141.5, 11358.875, 1521.5, 11759.875)
(561.5, 12693.921875, 711.5, 12715.921875)
(891.5, 12850.921875, 954.5, 12866.921875)
(2630.5, 12263.921875, 2888.5, 12263.921875)
(789.78125, 929.0, 869.78125, 981.0)
(396.5, 3974.5, 651.5, 4463.5)
(0.0, 0.0, 1903.0, 60.0)
(671.5, 1009.4375, 944.5, 1242.4375)
(1239.78125, 6688.6875, 1317.78125, 6701.6875)
(1284.5, 1534.0, 1506.5, 1534.0)
(416.5, 5302.625, 726.5, 5324.625)
(796.5, 5597.6875, 1106.5, 5619.6875)
(0.0, 12263.921875, 1903.0, 13202.921875)
(840.5, 1401.890625, 1062.5, 1418.890625)
(396.5, 12663.921875, 561.5, 12693.921875)
(396.5, 13056.421875, 1221.5, 13088.421875)
(1192.359375, 928.0, 1292.359375, 989.0)
(879.5, 1534.0, 1061.5, 1611.0)
(975.234375, 8819.6875, 1057.234375, 8832.6875)
(0.0, 5732.6875, 1903.0, 5822.6875)
(667.5, 1537.0, 821.5, 1619.0)
(817.0, 9385.75, 895.0, 9398.75)
(1056.5, 12718.921875, 1155.5, 12734.921875)
(0.0, 1022.0, 1903.0, 12264.0)
(1197.0, 4964.5625, 1410.0, 4977.5625)
(548.765625, 4964.5625, 626.765625, 4977.5625)
(1176.5, 4964.5625, 1464.5, 4999.5625)
(519.046875, 8216.6875, 535.046875, 8238.6875)
(396.5, 13000.421875, 467.5, 13017.421875)
(-1873.0, -565.5, -1697.0, -445.5)
(944.828125, 1009.4375, 1218.828125, 1194.4375)
(1054.8125, 4419.5, 1133.8125, 4432.5)
(1306.5, 8931.6875, 1356.5, 8971.6875)
(1156.5, 8986.6875, 1506.5, 9024.6875)
(416.5, 5441.546875, 726.5, 5458.546875)
(891.84375, 11589.921875, 1011.84375, 11612.921875)
(891.5, 12891.921875, 1041.5, 12913.921875)
(1176.5, 4779.421875, 1486.5, 4796.421875)
(1518.5, 12000.921875, 1776.5, 12263.921875)
(761.5, 8328.6875, 1141.5, 8836.6875)
(416.5, 5016.5625, 726.5, 5200.5625)
(796.5, 5602.6875, 904.5, 5615.6875)
(470.28125, 3639.5, 577.28125, 3652.5)
(421.5, 10128.875, 1457.5, 10275.875)
(421.5, 7444.6875, 899.5, 7591.6875)
(1156.5, 11358.875, 1506.5, 11759.875)
(656.5, 994.4375, 1506.5, 1257.4375)
(959.828125, 1138.4375, 1180.828125, 1182.4375)
(1334.375, 6688.6875, 1392.375, 6701.6875)
(0.0, 10105.875, 1903.0, 11799.875)
(951.5, 12303.921875, 1371.5, 12531.921875)
(381.5, 1312.0, 1521.5, 1693.0)
(411.5, 7444.6875, 909.5, 7591.6875)
(465.28125, 3634.5, 582.28125, 3657.5)
(561.5, 12803.921875, 711.5, 12825.921875)
(396.5, 1534.0, 618.5, 1534.0)
(561.5, 12663.921875, 726.5, 12847.921875)
(1284.5, 1401.890625, 1506.5, 1418.890625)
(966.5, 4259.5, 1221.5, 4367.5)
(381.5, 3391.5, 1521.5, 4503.5)
(796.5, 5335.625, 1106.5, 5519.625)
(844.5, 1534.0, 879.5, 1569.0)
(2630.5, 12000.921875, 2888.5, 12263.921875)
(546.5, 4573.390625, 596.5, 4590.390625)
(1319.96875, 4397.5, 1438.96875, 4410.5)
(396.5, 8666.6875, 746.5, 8688.6875)
(445.5, 1605.0, 607.5, 1627.0)
(726.5, 12803.921875, 876.5, 12825.921875)
(1197.0, 5305.625, 1275.0, 5318.625)
(396.5, 13002.421875, 467.5, 13017.421875)
(1111.5, 1671.0, 1205.5, 1694.0)
(1156.5, 6785.6875, 1506.5, 7266.6875)
(1240.5, 12263.921875, 1498.5, 12263.921875)
(1240.5, 12000.921875, 1498.5, 12263.921875)
(396.5, 7123.6875, 746.5, 7145.6875)
(396.5, 1363.4375, 656.5, 1404.4375)
(895.375, 8986.6875, 1007.375, 9023.6875)
(488.171875, 7710.6875, 859.171875, 8108.6875)
(1840.0, 1017.0, 1888.0, 1065.0)
(686.5, 1138.4375, 891.5, 1206.4375)
(681.5, 4259.5, 936.5, 4360.5)
(1333.5, 1537.0, 1490.5, 1619.0)
(416.5, 9699.8125, 726.5, 9721.8125)
(959.828125, 1138.4375, 1189.828125, 1206.4375)
(396.5, 4613.5, 746.5, 4651.5)
(416.5, 9955.875, 726.5, 10003.875)
(796.5, 9704.8125, 905.5, 9717.8125)
(926.5, 8931.6875, 976.5, 8981.6875)
(559.5625, 5650.6875, 637.5625, 5663.6875)
(1292.1875, 7123.6875, 1370.1875, 7146.6875)
(396.5, 11358.875, 746.5, 11601.875)
(1319.5625, 9361.75, 1402.5625, 9374.75)
(396.5, 6950.578125, 746.5, 6967.578125)
(381.5, 12663.921875, 1521.5, 12971.921875)
(891.5, 12718.921875, 913.5, 12734.921875)
(959.828125, 1138.4375, 1182.828125, 1206.4375)
(959.828125, 1138.4375, 1190.828125, 1182.4375)
(1156.5, 8493.578125, 1506.5, 8510.578125)
(1242.421875, 7249.6875, 1346.421875, 7262.6875)
(686.5, 1009.4375, 883.5, 1126.4375)
(796.5, 9519.671875, 1106.5, 9536.671875)
(796.5, 10018.875, 1106.5, 10040.875)
(547.359375, 11594.921875, 595.359375, 11607.921875)
(1006.5, 12303.921875, 1371.5, 12531.921875)
(0.0, 12663.921875, 1903.0, 12971.921875)
(396.5, 12667.921875, 500.5, 12682.921875)
(891.5, 12759.921875, 1041.5, 12781.921875)
(891.5, 12693.921875, 1041.5, 12913.921875)
(796.5, 9070.6875, 1106.5, 9254.6875)
(891.5, 12803.921875, 1041.5, 12825.921875)
(561.5, 12828.921875, 628.5, 12844.921875)
(891.5, 12762.921875, 934.5, 12778.921875)
(776.5, 8328.6875, 1126.5, 8678.6875)
(416.5, 5359.625, 726.5, 5667.625)
(776.5, 8814.6875, 1126.5, 8836.6875)
(959.828125, 1146.4375, 1202.828125, 1194.4375)
(1056.5, 12858.921875, 1112.5, 12874.921875)
(604.1875, 13000.421875, 683.1875, 13017.421875)
(401.5, 937.5, 544.5, 972.5)
(381.5, 10312.875, 1521.5, 11799.875)
(1066.5, 1534.0, 1101.5, 1569.0)
(561.5, 12806.921875, 651.5, 12822.921875)
(1888.0, 1007.0, 2116.0, 1023.0)
(776.5, 6785.6875, 1126.5, 7135.6875)
(1136.5, 12426.921875, 1222.5, 12448.921875)
(1056.5, 12693.921875, 1206.5, 12781.921875)
(421.5, 3055.5, 799.5, 3090.5)
(381.5, 13030.421875, 1521.5, 13121.421875)
(416.5, 10023.875, 525.5, 10036.875)
(686.5, 1058.578125, 883.5, 1074.578125)
(3464.5, 12000.921875, 3722.5, 12263.921875)
(726.5, 12740.921875, 792.5, 12756.921875)
(959.828125, 1148.4375, 1196.828125, 1216.4375)
(1160.734375, 4394.5, 1160.734375, 4411.5)
(1311.5, 12991.921875, 1341.5, 13021.921875)
(967.0625, 937.0, 1012.0625, 973.0)
(396.5, 12508.421875, 528.5, 12548.421875)
(435.5, 1534.0, 617.5, 1627.0)
(1176.5, 4697.5, 1486.5, 5665.5)
(416.5, 5558.6875, 726.5, 5630.6875)
(396.5, 3676.5, 651.5, 3750.5)
(959.828125, 1136.4375, 1202.828125, 1208.4375)
(396.5, 6785.6875, 1506.5, 7360.6875)
(1221.921875, 7249.6875, 1346.921875, 7262.6875)
(1156.5, 8931.6875, 1506.5, 9049.6875)
(1032.0625, 937.0, 1155.0625, 973.0)
(411.5, 10108.875, 1491.5, 10289.875)
(1056.5, 12737.921875, 1206.5, 12759.921875)
(1197.0, 5648.6875, 1265.0, 5661.6875)
(891.5, 12894.921875, 939.5, 12910.921875)
(959.828125, 1148.4375, 1180.828125, 1192.4375)
(396.5, 11358.875, 1506.5, 11799.875)
(686.5, 1138.4375, 914.5, 1206.4375)
(1111.5, 1671.0, 1273.5, 1693.0)
(796.5, 4697.5, 1106.5, 4881.5)
(959.828125, 1138.4375, 1191.828125, 1206.4375)
(1251.5, 12663.921875, 1394.5, 12704.921875)
(896.84375, 11594.921875, 1006.84375, 11607.921875)
(416.5, 5307.625, 593.5, 5320.625)
(776.5, 11358.875, 1126.5, 11601.875)
(0.0, 0.0, 1903.0, 286.0)
(416.5, 9270.75, 700.5, 9340.75)
(959.828125, 1138.4375, 1200.828125, 1206.4375)
(1306.5, 4558.5, 1356.5, 4608.5)
(959.828125, 1136.4375, 1202.828125, 1184.4375)
(667.5, 1627.0, 829.5, 1649.0)
(1172.359375, 928.0, 1312.359375, 982.0)
(921.890625, 8666.6875, 981.890625, 8689.6875)
(1176.5, 9413.75, 1486.5, 9597.75)
(618.5, 1534.0, 840.5, 1534.0)
(1027.265625, 4397.5, 1160.265625, 4410.5)
(521.78125, 4613.5, 621.78125, 4650.5)
(586.0625, 3757.5, 586.0625, 3774.5)
(796.5, 4964.5625, 930.5, 4977.5625)
(396.5, 10312.875, 1506.5, 10962.875)
(416.5, 4897.5625, 698.5, 4943.5625)
(416.5, 9838.734375, 726.5, 9855.734375)
(416.5, 9413.75, 726.5, 9721.75)
(381.5, 8328.6875, 1521.5, 8876.6875)
(416.5, 9756.8125, 726.5, 9940.8125)
(1187.90625, 11742.921875, 1401.90625, 11755.921875)
(396.5, 8814.6875, 746.5, 8836.6875)
(926.5, 4558.5, 976.5, 4598.5)
(966.5, 3676.5, 1221.5, 3750.5)
(381.5, 10105.875, 1521.5, 10291.875)
(799.78125, 937.0, 859.78125, 973.0)
(1056.5, 12693.921875, 1206.5, 12715.921875)
(776.5, 8328.6875, 1126.5, 8836.6875)
(1288.5, 1534.0, 1323.5, 1569.0)
(796.5, 4697.5, 1106.5, 4981.5)
(416.5, 9361.75, 525.5, 9374.75)
(891.5, 12740.921875, 948.5, 12756.921875)
(381.5, 3974.5, 666.5, 4463.5)
(0.0, 7460.6875, 1903.0, 8298.6875)
(485.09375, 3782.5, 562.09375, 3795.5)
(618.5, 1312.0, 840.5, 1512.0)
(896.84375, 7128.6875, 1006.84375, 7141.6875)
(1176.5, 4697.5, 1486.5, 4881.5)
(1306.890625, 8671.6875, 1356.890625, 8684.6875)
(396.5, 994.4375, 656.5, 994.4375)
(381.5, 11358.875, 1521.5, 11799.875)
(796.515625, 11311.875, 969.515625, 11324.875)
(951.5, 3974.5, 1236.5, 4463.5)
(416.5, 4697.5, 726.5, 5667.5)
(1176.5, 9495.671875, 1486.5, 9512.671875)
(0.0, 978.4375, 1903.0, 1158.4375)
(1324.34375, 3639.5, 1433.34375, 3652.5)
(396.5, 4259.5, 651.5, 4394.5)
(381.5, 11358.875, 761.5, 11759.875)
(396.5, 7165.6875, 746.5, 7246.6875)
(1176.5, 9070.6875, 1486.5, 9254.6875)
(1176.5, 5648.6875, 1275.5, 5661.6875)
(396.5, 994.4375, 1506.5, 1404.4375)
(1339.8125, 4419.5, 1418.8125, 4432.5)
(1176.5, 4897.5625, 1459.5, 4943.5625)
(396.5, 4259.5, 651.5, 4414.5)
(796.5, 5417.546875, 1106.5, 5434.546875)
(421.5, 3204.5, 888.5, 3351.5)
(396.5, 1199.4375, 656.5, 1240.4375)
(1176.5, 10023.875, 1345.5, 10036.875)
(396.5, 12108.71875, 446.5, 12158.71875)
(381.5, 6785.6875, 1521.5, 7360.6875)
(1056.5, 12811.921875, 1206.5, 12921.921875)
(1006.5, 12403.921875, 1101.5, 12531.921875)
(1827.0, 1041.0, 1827.0, 1041.0)
(686.5, 1138.4375, 927.5, 1182.4375)
(-1883.0, -578.0, -1687.0, -435.0)
(381.5, 7661.6875, 1521.5, 8298.6875)
(541.890625, 8666.6875, 601.890625, 8689.6875)
(796.5, 9756.8125, 1106.5, 10040.8125)
(416.5, 4697.5, 726.5, 4981.5)
(891.5, 12784.921875, 990.5, 12800.921875)
(726.5, 12759.921875, 876.5, 12781.921875)
(1176.5, 5557.6875, 1484.5, 5627.6875)
(2074.5, 12263.921875, 2332.5, 12263.921875)
(761.5, 4543.5, 1141.5, 5702.5)
(891.5, 12715.921875, 1041.5, 12737.921875)
(396.5, 12406.421875, 677.5, 12446.421875)
(667.5, 1534.0, 829.5, 1622.0)
(437.0, 4964.5625, 534.0, 4977.5625)
(796.5, 4897.5625, 1077.5, 4943.5625)
(561.5, 12825.921875, 711.5, 12847.921875)
(416.5, 5215.625, 726.5, 5287.625)
(1324.34375, 4222.5, 1433.34375, 4235.5)
(396.5, 8931.6875, 746.5, 10090.6875)
(1340.46875, 4397.5, 1438.46875, 4410.5)
(1888.0, 1007.0, 2088.0, 1007.0)
(619.046875, 500.671875, 1284.046875, 852.671875)
(726.5, 12715.921875, 876.5, 12737.921875)
(0.0, 918.0, 1903.0, 992.0)
(456.5, 3055.5, 456.5, 3055.5)
(1003.671875, 11742.921875, 1082.671875, 11755.921875)
(1022.0625, 929.0, 1165.0625, 981.0)
(959.828125, 1148.4375, 1195.828125, 1216.4375)
(618.5, 1401.890625, 840.5, 1418.890625)
(966.5, 4217.5, 1221.5, 4239.5)
(0.0, 0.0, 140.0, 91.0)
(909.375, 5602.6875, 987.375, 5615.6875)
(411.5, 3204.5, 898.5, 3351.5)
(0.0, 1022.0, 1903.0, 5703.0)
(396.5, 1401.890625, 618.5, 1418.890625)
(1350.734375, 8819.6875, 1427.734375, 8832.6875)
(1176.5, 9756.8125, 1486.5, 10040.8125)
(776.5, 8986.6875, 1126.5, 9024.6875)
(396.5, 11737.921875, 746.5, 11759.921875)
(396.5, 8493.578125, 746.5, 8510.578125)
(1176.5, 9413.75, 1486.5, 9721.75)
(406.5, 12000.921875, 664.5, 12263.921875)
(596.5, 10998.875, 1306.5, 11196.875)
(406.5, 12263.921875, 664.5, 12263.921875)
(776.5, 7165.6875, 1126.5, 7293.6875)
(776.015625, 11311.875, 969.015625, 11324.875)
(944.828125, 1009.4375, 1218.828125, 1242.4375)
(0.0, 0.0, 1903.0, 110.0)
(416.5, 9070.6875, 726.5, 10040.6875)
(796.5, 9838.734375, 1106.5, 9855.734375)
(951.5, 12263.921875, 1902.5, 12603.921875)
(1251.5, 4091.890625, 1506.5, 4108.890625)
(891.5, 12869.921875, 1041.5, 12891.921875)
(776.5, 6950.578125, 1126.5, 6967.578125)
(411.5, 5922.6875, 1491.5, 6038.6875)
(1284.5, 1312.0, 1506.5, 1693.0)
(396.5, 994.4375, 1506.5, 1158.4375)
(1141.5, 4543.5, 1521.5, 5702.5)
(396.5, 7460.6875, 1506.5, 7576.6875)
(396.5, 8931.6875, 746.5, 9049.6875)
(396.5, 12406.421875, 677.5, 12496.421875)
(671.5, 999.4375, 1491.5, 1232.4375)
(381.5, 994.4375, 1521.5, 1240.4375)
(1006.5, 12403.921875, 1371.5, 12531.921875)
(944.828125, 999.4375, 1218.828125, 1184.4375)
(686.5, 1138.4375, 901.5, 1206.4375)
(891.5, 12663.921875, 1056.5, 12913.921875)
(796.5, 5535.6875, 1071.5, 5581.6875)
(944.828125, 1009.4375, 1218.828125, 1218.4375)
(1056.5, 12715.921875, 1206.5, 12737.921875)
(776.5, 4676.5, 1126.5, 5654.5)
(381.5, 4543.5, 761.5, 5702.5)
(1156.5, 8708.6875, 1506.5, 8809.6875)
(684.5, 12000.921875, 942.5, 12263.921875)
(0.0, 0.0, 1903.0, 66.0)
(1025.65625, 3760.5, 1162.65625, 3773.5)
(959.828125, 1138.4375, 1178.828125, 1182.4375)
(1176.5, 5643.6875, 1486.5, 5665.6875)
(671.5, 999.4375, 1491.5, 1208.4375)
(416.5, 9612.8125, 726.5, 9684.8125)
(381.5, 12663.921875, 1236.5, 12921.921875)
(396.5, 5922.6875, 1506.5, 6038.6875)
(411.5, 11829.921875, 1491.5, 11945.921875)
(817.0, 10023.875, 897.0, 10036.875)
(1312.671875, 944.0, 1357.671875, 966.0)
(1156.5, 11470.296875, 1506.5, 11487.296875)
(1156.5, 11737.921875, 1506.5, 11759.921875)
(1176.5, 5237.625, 1486.5, 5285.625)
(1312.671875, 947.0, 1347.671875, 963.0)
(421.5, 3055.5, 456.5, 3090.5)
(1156.5, 8328.6875, 1506.5, 8836.6875)
(866.0, 8819.6875, 958.0, 8832.6875)
(796.5, 9956.875, 1057.5, 10002.875)
(776.5, 11631.921875, 1126.5, 11732.921875)
(820.125, 11742.921875, 987.125, 11755.921875)
(671.5, 999.4375, 1491.5, 1184.4375)
(1487.5625, 947.0, 1501.5625, 962.0)
(546.5, 4558.5, 596.5, 4608.5)
(1357.5625, 940.0, 1387.5625, 970.0)
(0.0, 0.0, 1903.0, 44.0)
(381.5, 994.4375, 1521.5, 1158.4375)
(0.0, 3220.5, 1903.0, 3341.5)
(966.5, 4091.890625, 1221.5, 4108.890625)
(776.5, 8493.578125, 1126.5, 8510.578125)
(0.0, 12994.421875, 1903.0, 13120.421875)
(1046.15625, 3760.5, 1162.15625, 3773.5)
(1011.5, 6638.6875, 1446.5, 6673.6875)
(726.5, 12784.921875, 784.5, 12800.921875)
(35.0, 962.0, 301.0, 1016.0)
(411.5, 3220.5, 1491.5, 3336.5)
(1289.375, 5305.625, 1362.375, 5318.625)
(1251.5, 12663.921875, 1506.5, 12714.921875)
(561.5, 12718.921875, 670.5, 12734.921875)
(1056.5, 12880.921875, 1101.5, 12896.921875)
(840.5, 1312.0, 1062.5, 1512.0)
(546.5, 8946.578125, 596.5, 8963.578125)
(1306.5, 8942.890625, 1356.5, 8959.890625)
(1059.703125, 4222.5, 1128.703125, 4235.5)
(1065.015625, 6688.6875, 1227.015625, 6701.6875)
(1156.5, 8814.6875, 1506.5, 8836.6875)
(796.5, 9269.75, 1106.5, 9365.75)
(381.5, 994.4375, 1521.5, 1117.4375)
(1176.5, 4896.5625, 1486.5, 4944.5625)
(1052.953125, 3782.5, 1135.953125, 3795.5)
(656.5, 994.4375, 1506.5, 1233.4375)
(381.5, 6123.6875, 1521.5, 6755.6875)
(461.921875, 3760.5, 586.921875, 3773.5)
(549.40625, 8224.6875, 673.40625, 8237.6875)
(1141.5, 8916.6875, 1521.5, 10075.6875)
(493.96875, 11742.921875, 574.96875, 11755.921875)
(909.6875, 9385.75, 987.6875, 9398.75)
(0.0, 0.0, 1903.0, 0.0)
(1417.875, 11742.921875, 1495.875, 11755.921875)
(0.0, 0.0, 1869.0, 22.0)
(677.484375, 3064.5, 799.484375, 3077.5)
(1306.5, 4573.390625, 1356.5, 4590.390625)
(396.5, 12406.421875, 397.5, 12407.421875)
(1255.0, 8986.6875, 1408.0, 9023.6875)
(686.5, 1138.4375, 908.5, 1230.4375)
(1229.0, 6638.6875, 1229.0, 6638.6875)
(1156.5, 7244.6875, 1506.5, 7266.6875)
(686.5, 1138.4375, 925.5, 1230.4375)
(411.5, 7460.6875, 1491.5, 7576.6875)
(396.5, 1240.4375, 656.5, 1281.4375)
(3186.5, 12000.921875, 3444.5, 12263.921875)
(959.828125, 1138.4375, 1174.828125, 1182.4375)
(1056.5, 12667.921875, 1100.5, 12682.921875)
(396.5, 12663.921875, 1221.5, 12663.921875)
(1176.5, 9270.75, 1454.5, 9340.75)
(482.421875, 3760.5, 586.421875, 3773.5)
(686.5, 1136.4375, 929.5, 1184.4375)
(396.5, 8708.6875, 746.5, 8809.6875)
(416.5, 5359.625, 726.5, 5543.625)
(1176.5, 5300.625, 1486.5, 5322.625)
(1156.5, 7123.6875, 1506.5, 7145.6875)
(416.5, 4964.5625, 544.5, 4977.5625)
(421.5, 5906.6875, 909.5, 6053.6875)
(796.5, 10023.875, 907.5, 10036.875)
(817.0, 9704.8125, 895.0, 9717.8125)
(15.0, 5922.6875, 1888.0, 6043.6875)
(726.5, 12663.921875, 891.5, 12825.921875)
(0.0, 0.0, 202.0, 22.0)
(966.5, 3755.5, 1221.5, 3799.5)
(574.53125, 4421.5, 574.53125, 4438.5)
(686.5, 1138.4375, 891.5, 1182.4375)
(796.5, 9070.6875, 1106.5, 10040.6875)
(396.5, 11631.921875, 746.5, 11732.921875)
(1156.5, 6785.6875, 1506.5, 7135.6875)
(657.5, 1534.0, 839.5, 1649.0)
(1417.5625, 940.0, 1447.5625, 970.0)
(416.5, 9070.6875, 726.5, 9378.6875)
(561.5, 12781.921875, 711.5, 12803.921875)
(686.5, 1136.4375, 929.5, 1208.4375)
(681.5, 3391.5, 936.5, 3826.5)
(796.5, 5098.484375, 1106.5, 5115.484375)
(3742.5, 12263.921875, 4000.5, 12263.921875)
(817.0, 5283.625, 895.0, 5296.625)
(1197.0, 9704.8125, 1275.0, 9717.8125)
(0.0, 3220.5, 1903.0, 4503.5)
(381.5, 8916.6875, 761.5, 10075.6875)
(666.5, 3391.5, 951.5, 3934.5)
(1056.5, 12759.921875, 1206.5, 12781.921875)
(686.5, 1138.4375, 924.5, 1230.4375)
(445.5, 1537.0, 591.5, 1597.0)
(1101.5, 1534.0, 1283.5, 1693.0)
(1176.5, 9152.609375, 1486.5, 9169.609375)
(4298.5, 12263.921875, 4556.5, 12263.921875)
(396.5, 6123.6875, 951.5, 6755.6875)
(1251.5, 4259.5, 1506.5, 4367.5)
(1056.5, 12663.921875, 1221.5, 12781.921875)
(959.828125, 1048.578125, 1156.828125, 1064.578125)
(951.5, 3391.5, 1236.5, 3934.5)
(576.5, 499.671875, 1326.5, 854.671875)
(681.5, 3974.5, 936.5, 4409.5)
(796.5, 9152.609375, 1106.5, 9169.609375)
(0.0, 0.0, 1290.0, 22.0)
(714.359375, 4370.5, 903.359375, 4383.5)
(776.5, 7298.6875, 1126.5, 7320.6875)
(381.5, 12994.421875, 1521.5, 13030.421875)
(0.0, 978.4375, 1903.0, 1240.4375)
(1167.40625, 11742.921875, 1401.40625, 11755.921875)
(396.5, 8708.6875, 746.5, 8789.6875)
(4020.5, 12000.921875, 4278.5, 12263.921875)
(396.5, 1733.0, 1506.5, 3121.0)
(962.5, 12000.921875, 1220.5, 12263.921875)
(966.5, 4259.5, 1221.5, 4387.5)
(926.5, 8931.6875, 976.5, 8971.6875)
(986.34375, 11311.875, 1062.34375, 11324.875)
(596.5, 11306.875, 1306.5, 11328.875)
(0.0, 0.0, 1140.0, 42.0)
(734.859375, 4370.5, 903.859375, 4383.5)
(796.5, 9437.75, 1106.5, 9621.75)
(817.0, 4964.5625, 920.0, 4977.5625)
(966.5, 3974.5, 1221.5, 4436.5)
(1235.5, 8819.6875, 1338.5, 8832.6875)
(426.5, 2756.5, 1157.5, 2964.5)
(396.5, 10998.875, 1506.5, 11328.875)
(1011.5, 6538.6875, 1446.5, 6628.6875)
(1319.34375, 3634.5, 1438.34375, 3657.5)
(1079.171875, 11311.875, 1126.171875, 11324.875)
(686.5, 1148.4375, 912.5, 1240.4375)
(869.6875, 929.0, 957.6875, 981.0)
(774.6875, 4222.5, 843.6875, 4235.5)
(396.5, 12998.421875, 1221.5, 13020.421875)
(4020.5, 12263.921875, 4278.5, 12263.921875)
(396.5, 4091.890625, 651.5, 4108.890625)
(411.5, 10144.875, 1467.5, 10260.875)
(957.0625, 929.0, 1022.0625, 981.0)
(959.828125, 1138.4375, 1192.828125, 1206.4375)
(2352.5, 12000.921875, 2610.5, 12263.921875)
(1111.5, 1534.0, 1273.5, 1666.0)
(437.0, 5307.625, 583.0, 5320.625)
(1176.5, 5120.484375, 1486.5, 5137.484375)
(1176.5, 9612.8125, 1486.5, 9684.8125)
(686.5, 1138.4375, 922.5, 1182.4375)
(437.0, 10023.875, 515.0, 10036.875)
(1349.75, 10023.875, 1426.75, 10036.875)
(726.5, 12696.921875, 831.5, 12712.921875)
(604.1875, 13002.421875, 683.1875, 13017.421875)
(686.5, 1048.578125, 883.5, 1064.578125)
(0.0, 1022.0, 1903.0, 1272.0)
(381.5, 8328.6875, 761.5, 8836.6875)
(891.5, 12781.921875, 1041.5, 12803.921875)
(445.5, 1605.0, 564.5, 1628.0)
(966.5, 3508.890625, 1221.5, 3525.890625)
(416.5, 4697.5, 726.5, 4881.5)
(726.5, 12806.921875, 815.5, 12822.921875)
(381.5, 12303.921875, 951.5, 12550.921875)
(561.5, 12737.921875, 711.5, 12781.921875)
(879.6875, 937.0, 946.6875, 973.0)
(1903.0, 1080.0, 1903.0, 1080.0)
(1056.5, 12811.921875, 1206.5, 12833.921875)
(796.5, 5534.6875, 1106.5, 5582.6875)
(396.5, 1312.0, 618.5, 1693.0)
(508.90625, 8224.6875, 544.90625, 8237.6875)
(622.5, 1534.0, 657.5, 1569.0)
(686.5, 1138.4375, 922.5, 1206.4375)
(396.5, 8328.6875, 746.5, 8836.6875)
(1176.5, 9956.875, 1485.5, 10002.875)
(726.5, 12667.921875, 784.5, 12682.921875)
(1156.5, 7165.6875, 1506.5, 7219.6875)
(494.859375, 4217.5, 553.859375, 4240.5)
(416.5, 5559.6875, 716.5, 5629.6875)
(381.5, 3220.5, 1521.5, 3341.5)
(416.5, 9070.6875, 726.5, 9254.6875)
(396.5, 4217.5, 651.5, 4239.5)
(959.828125, 1138.4375, 1201.828125, 1182.4375)
(1251.5, 3508.890625, 1506.5, 3525.890625)
