(1351.5, 932.0, 1498.5, 1071.0)
(961.5, 428.0, 1311.5, 455.0)
(405.421875, 2118.5, 550.421875, 2221.5)
(0.0, 0.0, 800.0, 19.0)
(3479.5, 4841.390625, 3749.5, 5023.390625)
(3770.5, 1733.375, 3970.5, 1748.375)
(1102.390625, 1147.0, 1108.390625, 1161.0)
(1190.46875, 5784.0, 1190.46875, 5796.0)
(920.75, 5845.0, 1005.75, 5867.0)
(0.0, 0.0, 1903.0, 5955.0)
(521.5, 2393.40625, 791.5, 2561.40625)
(-1298.5, 699.0, 201.5, 699.0)
(384.875, 465.0, 570.875, 581.0)
(1351.5, 1229.0, 1661.5, 1248.0)
(241.5, 4832.0, 4672.5, 5032.0)
(0.0, 0.0, 1681.0, 95.0)
(1144.25, 4511.640625, 1192.25, 4529.640625)
(2314.5, 3889.375, 2431.5, 3904.375)
(1296.5, 5509.0, 1441.5, 5524.0)
(981.5, 3323.0, 1291.5, 3350.0)
(1537.5, 3798.0, 1682.5, 3998.0)
(981.140625, 5690.0, 1021.140625, 5704.0)
(1086.640625, 1145.0, 1092.640625, 1169.0)
(981.5, 4672.0, 1128.5, 4708.0)
(1644.5, 198.0, 1678.5, 250.0)
(1286.5, 5189.0, 1451.5, 5559.0)
(1111.5, 2377.0, 1347.5, 2577.0)
(211.5, 4757.0, 1691.5, 4777.0)
(211.5, 349.0, 1691.5, 388.0)
(591.5, 428.0, 941.5, 482.0)
(1620.4375, 15.0, 1701.4375, 29.0)
(1494.875, 1943.0, 1680.875, 2059.0)
(0.0, 0.0, 2.0, 2.0)
(1187.109375, 66.0, 1343.109375, 92.0)
(0.0, 0.0, 822.0, 19.0)
(1712.484375, 6.0, 1788.484375, 6.0)
(241.5, 3360.0, 551.5, 3664.0)
(0.0, 0.0, 3578.0, 608.0)
(1488.609375, 29.0, 1609.609375, 49.0)
(0.0, 60.0, 209.0, 101.0)
(1331.5, 1886.0, 1681.5, 2306.0)
(2066.5, 3059.0, 2211.5, 3259.0)
(221.5, 4357.0, 571.5, 4384.0)
(461.5, 5224.0, 549.5, 5319.0)
(1239.0, 3889.375, 1311.0, 3904.375)
(962.125, 3360.0, 1148.125, 3476.0)
(971.5, 5189.0, 1189.5, 5559.0)
(787.921875, 5690.0, 885.921875, 5704.0)
(52.0, 5.0, 213.0, 55.0)
(1351.5, 2221.0, 1498.5, 2257.0)
(1429.609375, 10.0, 1474.609375, 50.0)
(38.0, 65.0, 93.0, 79.0)
(1175.5, 1642.0, 1445.5, 1842.0)
(241.5, 2377.0, 511.5, 2577.0)
(3059.5, 4832.0, 3259.5, 5032.0)
(1376.5, 1343.0, 1576.5, 1543.0)
(1144.25, 744.640625, 1184.25, 762.640625)
(1321.5, 4337.0, 1691.5, 4757.0)
(0.0, 0.0, 1513.0, 19.0)
(1120.34375, 5690.0, 1205.34375, 5704.0)
(1219.828125, 5796.0, 1219.828125, 5807.0)
(1737.5, 3059.0, 1882.5, 3259.0)
(735.5, 1642.0, 885.5, 1842.0)
(1505.703125, 1080.5, 1670.703125, 1183.5)
(0.0, 0.0, 515.0, 19.0)
(468.5, 1434.375, 668.5, 1449.375)
(2073.5, 1642.0, 2271.5, 1842.0)
(241.5, 2468.375, 511.5, 2483.375)
(2084.5, 2377.0, 2236.5, 2577.0)
(0.0, 0.0, 1128.0, 19.0)
(1351.5, 1184.640625, 1417.5, 1202.640625)
(981.5, 4394.0, 1291.5, 4546.0)
(665.5, 5374.0, 865.5, 5389.0)
(0.0, 0.0, 231.0, 24.0)
(2379.5, 4184.375, 2578.5, 4199.375)
(2915.5, 1733.375, 3169.5, 1748.375)
(2246.5, 2392.09375, 2516.5, 2562.09375)
(241.5, 3024.0, 324.5, 3055.0)
(242.671875, 1970.0, 387.671875, 2073.0)
(0.0, 0.0, 1154.0, 19.0)
(1175.5, 1733.375, 1445.5, 1748.375)
(1376.25, 5845.0, 1376.25, 5856.0)
(3001.5, 4184.375, 3147.5, 4199.375)
(1321.5, 848.0, 1691.5, 1268.0)
(0.0, 0.0, 1746.0, 19.0)
(338.234375, 66.0, 440.234375, 92.0)
(0.0, 0.0, 1535.0, 19.0)
(0.0, 0.0, 900.0, 202.0)
(981.5, 1229.0, 1291.5, 1248.0)
(0.0, 0.0, 474.0, 19.0)
(211.5, 3743.0, 1691.5, 4022.0)
(221.5, 4394.0, 571.5, 4698.0)
(241.5, 465.0, 388.5, 617.0)
(591.5, 1906.0, 941.5, 1933.0)
(737.5, 3798.0, 882.5, 3998.0)
(241.5, 627.0, 388.5, 743.0)
(3969.5, 4832.0, 4211.5, 5032.0)
(1104.5, 4923.375, 1304.5, 4938.375)
(1020.875, 5690.0, 1067.875, 5704.0)
(2084.5, 2468.375, 2236.5, 2483.375)
(0.0, 0.0, 814.0, 19.0)
(1351.5, 743.0, 1498.5, 779.0)
(774.25, 4569.5, 921.25, 4672.5)
(2849.5, 4832.0, 3049.5, 5032.0)
(559.5, 1642.0, 725.5, 1842.0)
(981.5, 2060.640625, 1053.5, 2078.640625)
(222.125, 4556.0, 408.125, 4672.0)
(961.5, 1229.0, 1311.5, 1248.0)
(591.5, 492.0, 941.5, 769.0)
(611.5, 492.0, 921.5, 769.0)
(1514.25, 932.0, 1661.25, 1071.0)
(1357.5, 3798.0, 1527.5, 3998.0)
(303.53125, 110.0, 360.53125, 136.0)
(241.5, 1611.0, 593.5, 1634.0)
(1331.5, 1906.0, 1681.5, 1933.0)
(961.5, 3303.0, 1311.5, 3723.0)
(211.5, 4317.0, 1691.5, 4337.0)
(211.5, 1587.0, 1691.5, 1866.0)
(1144.25, 2059.0, 1291.25, 2095.0)
(2314.5, 3798.0, 2431.5, 3998.0)
(641.375, 5690.0, 686.375, 5704.0)
(962.125, 465.0, 1148.125, 581.0)
(241.5, 3059.0, 386.5, 3259.0)
(211.5, 3723.0, 1691.5, 3743.0)
(0.0, 0.0, 1100.0, 19.0)
(1505.703125, 492.0, 1670.703125, 595.0)
(404.25, 2074.140625, 435.25, 2092.140625)
(3479.5, 4832.0, 3749.5, 5032.0)
(3086.5, 2468.375, 3286.5, 2483.375)
(0.0, 0.0, 1661.0, 304.0)
(241.5, 4511.640625, 354.5, 4529.640625)
(774.25, 4421.0, 921.25, 4524.0)
(324.375, 3024.0, 390.375, 3059.0)
(940.734375, 5690.0, 980.734375, 5704.0)
(222.125, 4394.0, 408.125, 4510.0)
(221.5, 1587.0, 1681.5, 1866.0)
(1804.5, 2394.4375, 2074.5, 2559.4375)
(1296.5, 5534.0, 1413.5, 5549.0)
(0.0, 0.0, 0.0, 0.0)
(981.5, 627.0, 1291.5, 779.0)
(521.5, 2377.0, 791.5, 2577.0)
(665.5, 5249.0, 860.5, 5264.0)
(52.0, 15.0, 149.0, 45.0)
(0.0, 0.0, 1903.0, 114.0)
(0.0, 0.0, 1575.0, 19.0)
(600.0, 4093.0, 724.0, 4293.0)
(451.5, 5833.0, 575.5, 5867.0)
(2167.5, 3798.0, 2268.5, 3998.0)
(1514.25, 640.5, 1661.25, 743.5)
(241.5, 4510.0, 388.5, 4546.0)
(1351.5, 1943.0, 1661.5, 2095.0)
(241.5, 2221.0, 388.5, 2257.0)
(0.0, 99.0, 1903.0, 5078.0)
(3523.8251953125, 99.0, 5023.8251953125, 699.0)
(210.0, 60.0, 1575.0, 97.0)
(1351.5, 1943.0, 1498.5, 2059.0)
(211.5, 828.0, 1691.5, 848.0)
(248.5, 4184.375, 379.5, 4199.375)
(589.5, 4093.0, 734.5, 4293.0)
(0.0, 0.0, 237.0, 48.0)
(0.0, 0.0, 1893.0, 152.0)
(0.0, 0.0, 804.0, 19.0)
(0.0, 0.0, 1106.0, 19.0)
(241.5, 3763.0, 490.5, 3794.0)
(981.5, 4510.0, 1128.5, 4546.0)
(241.5, 4718.0, 551.5, 4737.0)
(241.5, 4797.0, 1661.5, 4832.0)
(2064.5, 4832.0, 2264.5, 5032.0)
(665.5, 5224.0, 865.5, 5439.0)
(1813.859375, 13.0, 1832.859375, 29.0)
(1351.5, 1906.0, 1661.5, 1933.0)
(-2798.5, 99.0, -1298.5, 699.0)
(1144.25, 2221.0, 1291.25, 2257.0)
(895.5, 1684.4375, 1165.5, 1800.4375)
(1357.5, 2377.0, 1540.5, 2577.0)
(623.75, 5833.0, 846.75, 5857.0)
(1592.4375, 35.0, 1600.4375, 39.0)
(1853.5, 1642.0, 2063.5, 1842.0)
(1278.5, 5784.0, 1451.5, 5818.0)
(591.5, 848.0, 941.5, 1268.0)
(875.5, 5189.0, 971.5, 5559.0)
(241.5, 2350.0, 545.5, 2373.0)
(217.0, 0.0, 1479.0, 60.0)
(801.5, 2377.0, 946.5, 2577.0)
(2526.5, 2468.375, 2796.5, 2483.375)
(251.5, 1642.0, 376.5, 1842.0)
(1456.453125, 5920.0, 1456.453125, 5920.0)
(1574.546875, 60.0, 1902.546875, 99.0)
(962.125, 2105.0, 1148.125, 2221.0)
(1047.5, 3798.0, 1192.5, 3998.0)
(459.75, 5796.0, 543.75, 5818.0)
(665.5, 5249.0, 865.5, 5264.0)
(665.5, 5274.0, 831.5, 5289.0)
(52.0, 0.0, 217.0, 60.0)
(241.5, 4394.0, 388.5, 4510.0)
(1577.546875, 66.0, 1890.546875, 92.0)
(1804.5, 2377.0, 2074.5, 2577.0)
(920.75, 5796.0, 1041.75, 5818.0)
(404.25, 4556.0, 551.25, 4672.0)
(211.5, 2601.0, 1691.5, 2621.0)
(2073.5, 1733.375, 2271.5, 1748.375)
(981.5, 5274.0, 1077.5, 5289.0)
(1109.75, 5784.0, 1219.75, 5818.0)
(1109.75, 5833.0, 1199.75, 5867.0)
(581.5, 848.0, 951.5, 1268.0)
(981.5, 4673.640625, 1043.5, 4691.640625)
(981.5, 5249.0, 1179.5, 5264.0)
(981.5, 428.0, 1291.5, 455.0)
(2028.5, 4184.375, 2180.5, 4199.375)
(3479.5, 4841.390625, 3749.5, 5022.390625)
(1701.5, 99.0, 9201.5, 699.0)
(3672.5, 2468.375, 3881.5, 2483.375)
(413.5, 3889.375, 524.5, 3904.375)
(1331.5, 492.0, 1681.5, 769.0)
(1884.0, 4184.375, 2008.0, 4199.375)
(521.5, 2393.40625, 791.5, 2560.40625)
(981.5, 5224.0, 1081.5, 5239.0)
(1351.5, 594.5, 1498.5, 630.5)
(981.5, 3477.640625, 1026.5, 3495.640625)
(3312.5, 4184.375, 3472.5, 4199.375)
(221.5, 3303.0, 571.5, 3723.0)
(1351.5, 2059.0, 1498.5, 2095.0)
(1351.5, 1080.5, 1661.5, 1218.5)
(451.5, 5833.0, 1451.5, 5867.0)
(591.5, 4718.0, 941.5, 4737.0)
(981.5, 3360.0, 1128.5, 3512.0)
(2539.5, 3059.0, 2668.5, 3259.0)
(961.5, 1906.0, 1311.5, 1933.0)
(2806.5, 2402.828125, 3076.5, 2550.828125)
(611.5, 1229.0, 921.5, 1248.0)
(981.5, 5249.0, 1171.5, 5264.0)
(1144.25, 627.0, 1291.25, 743.0)
(665.5, 5324.0, 865.5, 5339.0)
(0.0, 0.0, 281.0, 249.0)
(0.0, 0.0, 350.0, 380.0)
(0.0, 0.0, 1158.0, 19.0)
(0.0, 0.0, 451.0, 12.0)
(3845.20849609375, 99.0, 5345.20849609375, 699.0)
(1494.875, 2105.0, 1680.875, 2221.0)
(1104.5, 4832.0, 1304.5, 5032.0)
(387.09375, 65.0, 1430.09375, 65.0)
(3553.5, 1733.375, 3760.5, 1748.375)
(617.5, 4832.0, 817.5, 5032.0)
(2070.0, 3059.0, 2208.0, 3259.0)
(404.25, 2118.5, 551.25, 2221.5)
(1342.953125, 640.5, 1507.953125, 743.5)
(0.0, 0.0, 297.0, 12.0)
(1051.59375, 1145.0, 1133.59375, 1169.0)
(665.5, 5274.0, 865.5, 5289.0)
(575.5, 5784.0, 615.5, 5818.0)
(2145.5, 3798.0, 2290.5, 3998.0)
(961.5, 848.0, 1311.5, 1268.0)
(1331.5, 1229.0, 1681.5, 1248.0)
(211.5, 1886.0, 581.5, 2306.0)
(241.5, 4672.0, 388.5, 4708.0)
(201.5, 99.0, 1701.5, 329.0)
(0.0, 0.0, 2183.0, 741.0)
(0.0, 0.0, 769.0, 19.0)
(581.5, 408.0, 951.5, 828.0)
(956.5, 2377.0, 1101.5, 2577.0)
(0.0, 0.0, 80.0, 24.0)
(404.25, 2221.0, 551.25, 2257.0)
(221.5, 3684.0, 571.5, 3703.0)
(615.5, 5833.0, 872.5, 5867.0)
(241.5, 4556.0, 388.5, 4708.0)
(4221.5, 4923.375, 4462.5, 4938.375)
(1109.75, 5845.0, 1199.75, 5867.0)
(1478.609375, 2.0, 1902.609375, 55.0)
(981.5, 1145.0, 1016.5, 1168.0)
(870.5, 3059.0, 1023.5, 3259.0)
(1351.5, 3323.0, 1661.5, 3377.0)
(396.5, 4184.375, 579.5, 4199.375)
(4701.5, 99.0, 6201.5, 699.0)
(1340.5, 4093.0, 1498.5, 4293.0)
(774.25, 4672.0, 921.25, 4708.0)
(3482.5, 4184.375, 3681.5, 4199.375)
(981.5, 2221.0, 1128.5, 2257.0)
(981.5, 5324.0, 1179.5, 5339.0)
(974.328125, 5708.0, 1030.328125, 5722.0)
(1621.5, 99.0, 1701.5, 349.0)
(1175.5, 1671.875, 1445.5, 1811.875)
(0.0, 0.0, 2597.0, 247.0)
(602.953125, 4421.0, 767.953125, 4524.0)
(4794.9501953125, 99.0, 6294.9501953125, 699.0)
(1321.5, 1886.0, 1691.5, 2306.0)
(459.75, 5845.0, 558.75, 5867.0)
(249.5, 3150.375, 378.5, 3165.375)
(211.5, 1567.0, 1691.5, 1587.0)
(951.5, 1886.0, 1321.5, 2306.0)
(1144.25, 2060.640625, 1233.25, 2078.640625)
(0.0, 0.0, 791.0, 19.0)
(981.5, 4556.0, 1128.5, 4708.0)
(1402.5, 3150.375, 1572.5, 3165.375)
(1838.859375, 15.0, 1847.859375, 29.0)
(0.0, 0.0, 1526.0, 38.0)
(241.5, 4556.0, 388.5, 4672.0)
(211.5, 1288.0, 1691.5, 1567.0)
(665.5, 5299.0, 837.5, 5314.0)
(581.5, 4337.0, 951.5, 4757.0)
(404.25, 743.0, 551.25, 779.0)
(241.5, 3798.0, 386.5, 3998.0)
(404.25, 1970.0, 551.25, 2073.0)
(211.5, 4042.0, 1691.5, 4317.0)
(241.5, 2074.140625, 296.5, 2092.140625)
(3980.5, 1733.375, 4201.5, 1748.375)
(611.5, 3684.0, 921.5, 3703.0)
(1514.25, 1943.0, 1661.25, 2059.0)
(1550.5, 2468.375, 1794.5, 2483.375)
(211.5, 2621.0, 1691.5, 2984.0)
(451.5, 5189.0, 559.5, 5559.0)
(0.0, 5078.0, 1903.0, 5078.0)
(623.75, 5796.0, 729.75, 5818.0)
(1804.5, 2468.375, 2074.5, 2483.375)
(961.5, 465.0, 1311.5, 769.0)
(241.5, 1607.0, 1661.5, 1642.0)
(241.5, 1906.0, 551.5, 1960.0)
(981.5, 4556.0, 1128.5, 4672.0)
(515.90625, 5690.0, 576.90625, 5704.0)
(1144.25, 3638.0, 1291.25, 3674.0)
(1031.828125, 5784.0, 1031.828125, 5796.0)
(1238.5, 5833.0, 1278.5, 5867.0)
(0.0, 0.0, 1903.0, 99.0)
(-2798.5, 699.0, -1298.5, 699.0)
(1514.25, 1080.5, 1661.25, 1219.5)
(278.0, 3798.0, 350.0, 3998.0)
(0.0, 0.0, 1661.0, 513.0)
(3502.5, 2377.0, 3662.5, 2577.0)
(798.328125, 5909.0, 856.328125, 5923.0)
(961.5, 4394.0, 1311.5, 4698.0)
(981.5, 3522.0, 1128.5, 3674.0)
(2221.5, 3059.0, 2366.5, 3259.0)
(3086.5, 2377.0, 3286.5, 2577.0)
(1588.5, 3059.0, 1721.5, 3259.0)
(3168.0, 4184.375, 3292.0, 4199.375)
(870.5, 3150.375, 1023.5, 3165.375)
(0.0, 0.0, 1546.0, 19.0)
(759.0, 3798.0, 861.0, 3998.0)
(0.0, 0.0, 941.0, 38.0)
(981.5, 4511.640625, 1037.5, 4529.640625)
(0.0, 0.0, 181.0, 12.0)
(1189.5, 5189.0, 1286.5, 5559.0)
(221.5, 2326.0, 1681.5, 2601.0)
(0.0, 0.0, 703.0, 19.0)
(698.921875, 66.0, 822.921875, 92.0)
(3969.5, 4923.375, 4211.5, 4938.375)
(774.25, 4523.5, 921.25, 4559.5)
(241.5, 1343.0, 441.5, 1543.0)
(611.5, 4569.5, 921.5, 4707.5)
(623.75, 5784.0, 729.75, 5818.0)
(2526.5, 2377.0, 2796.5, 2577.0)
(1514.25, 2221.0, 1661.25, 2257.0)
(3891.5, 2386.09375, 4161.5, 2568.09375)
(1033.5, 3059.0, 1178.5, 3259.0)
(951.5, 848.0, 1321.5, 1268.0)
(961.5, 1943.0, 1311.5, 2247.0)
(981.5, 2222.640625, 1098.5, 2240.640625)
(241.5, 3059.0, 2686.5, 3259.0)
(551.5, 3059.0, 696.5, 3259.0)
(981.5, 4357.0, 1291.5, 4384.0)
(1144.25, 2222.640625, 1196.25, 2240.640625)
(1801.5, 4832.0, 2054.5, 5032.0)
(981.5, 1145.0, 1063.5, 1169.0)
(766.84375, 5833.0, 766.84375, 5845.0)
(0.0, 0.0, 240.0, 223.0)
(1357.5, 3889.375, 1527.5, 3904.375)
(1351.5, 932.0, 1498.5, 1035.0)
(363.734375, 110.0, 468.734375, 136.0)
(895.5, 1684.4375, 1165.5, 1799.4375)
(827.5, 4832.0, 1094.5, 5032.0)
(1892.5, 3150.375, 2056.5, 3165.375)
(591.5, 932.0, 941.5, 1209.0)
(1853.5, 1733.375, 2063.5, 1748.375)
(594.046875, 1607.0, 660.046875, 1642.0)
(4381.5, 2377.0, 4551.5, 2577.0)
(1588.5, 3150.375, 1721.5, 3165.375)
(221.5, 4718.0, 571.5, 4737.0)
(1296.5, 5224.0, 1441.5, 5239.0)
(3770.5, 1642.0, 3970.5, 1842.0)
(221.5, 3743.0, 1681.5, 4022.0)
(1188.5, 3059.0, 1392.5, 3259.0)
(961.5, 3684.0, 1311.5, 3703.0)
(278.0, 3889.375, 350.0, 3904.375)
(1149.5, 1343.0, 1349.5, 1543.0)
(1351.5, 744.640625, 1402.5, 762.640625)
(1331.5, 3684.0, 1681.5, 3703.0)
(2806.5, 2377.0, 3076.5, 2577.0)
(241.5, 744.640625, 292.5, 762.640625)
(241.5, 932.0, 551.5, 1209.0)
(498.328125, 1308.0, 564.328125, 1343.0)
(611.5, 428.0, 921.5, 482.0)
(1124.875, 3360.0, 1310.875, 3476.0)
(2281.5, 1642.0, 2551.5, 1842.0)
(241.5, 3798.0, 2610.5, 3998.0)
(211.5, 4022.0, 1691.5, 4042.0)
(970.0, 2468.375, 1088.0, 2483.375)
(981.5, 1943.0, 1291.5, 2095.0)
(899.5, 4184.375, 1109.5, 4199.375)
(13.0, 69.0, 35.0, 91.0)
(1514.25, 1184.640625, 1605.25, 1202.640625)
(0.0, 0.0, 467.0, 19.0)
(591.5, 4337.0, 941.5, 4757.0)
(2429.5, 4923.375, 2629.5, 4938.375)
(1478.609375, 0.0, 1902.609375, 60.0)
(1514.25, 1080.5, 1661.25, 1183.5)
(895.5, 1642.0, 1165.5, 1842.0)
(1351.5, 3387.0, 1661.5, 3664.0)
(241.5, 4832.0, 1661.5, 5046.0)
(617.5, 4923.375, 817.5, 4938.375)
(1168.109375, 5845.0, 1168.109375, 5856.0)
(1692.5, 3799.09375, 1962.5, 3997.09375)
(981.5, 5224.0, 1179.5, 5239.0)
(2726.5, 1733.375, 2905.5, 1748.375)
(970.59375, 66.0, 1077.59375, 92.0)
(922.5, 1434.375, 1122.5, 1449.375)
(461.5, 5304.0, 549.5, 5319.0)
(221.5, 4337.0, 571.5, 4757.0)
(981.5, 4556.0, 1291.5, 4708.0)
(1331.5, 3323.0, 1681.5, 3377.0)
(0.0, 0.0, 45.0, 100.0)
(1333.828125, 4421.0, 1679.828125, 4698.0)
(981.5, 5299.0, 1179.5, 5314.0)
(241.5, 627.0, 551.5, 779.0)
(531.890625, 5784.0, 531.890625, 5796.0)
(7.0, 10.0, 185.0, 45.0)
(387.09375, 5.0, 1430.09375, 65.0)
(241.5, 1343.0, 1661.5, 1574.0)
(3179.5, 1642.0, 3334.5, 1842.0)
(695.5, 1434.375, 895.5, 1449.375)
(2588.5, 4093.0, 2775.5, 4293.0)
(404.25, 2222.640625, 496.25, 2240.640625)
(543.296875, 5796.0, 543.296875, 5807.0)
(461.5, 5304.0, 541.5, 5319.0)
(0.0, 0.0, 788.0, 19.0)
(962.125, 4394.0, 1148.125, 4510.0)
(1514.25, 640.5, 1661.25, 779.5)
(0.0, 0.0, 1453.0, 19.0)
(1314.5, 4923.375, 1514.5, 4938.375)
(1838.859375, 29.0, 1898.859375, 49.0)
(0.0, 0.0, 1311.0, 76.0)
(1514.25, 743.0, 1661.25, 779.0)
(241.5, 1607.0, 594.5, 1638.0)
(1119.5, 4093.0, 1330.5, 4293.0)
(4472.5, 4923.375, 4672.5, 4938.375)
(384.875, 627.0, 570.875, 743.0)
(591.5, 789.0, 941.5, 808.0)
(1351.5, 2267.0, 1661.5, 2286.0)
(1296.5, 5459.0, 1369.5, 5474.0)
(7.0, 10.0, 45.0, 50.0)
(521.3125, 4062.0, 536.3125, 4062.0)
(404.25, 4673.640625, 444.25, 4691.640625)
(2849.5, 4923.375, 3049.5, 4938.375)
(1351.5, 789.0, 1661.5, 808.0)
(1037.21875, 5907.0, 1456.21875, 5925.0)
(0.0, 0.0, 796.0, 19.0)
(591.5, 3387.0, 941.5, 3664.0)
(1321.5, 408.0, 1691.5, 828.0)
(2385.5, 3150.375, 2512.5, 3165.375)
(981.5, 1145.0, 1036.5, 1168.0)
(837.5, 2377.0, 910.5, 2577.0)
(4472.5, 4832.0, 4672.5, 5032.0)
(1296.5, 5354.0, 1441.5, 5384.0)
(774.25, 4569.5, 921.25, 4708.5)
(906.3125, 5610.0, 996.3125, 5678.0)
(1204.765625, 5690.0, 1348.765625, 5704.0)
(0.0, 0.0, 212.0, 12.0)
(2167.5, 3889.375, 2268.5, 3904.375)
(241.5, 4357.0, 551.5, 4384.0)
(1351.5, 1080.5, 1498.5, 1183.5)
(201.5, 99.0, 7701.5, 699.0)
(1051.59375, 1145.0, 1106.59375, 1168.0)
(370.09375, 28.0, 378.09375, 32.0)
(1331.5, 2267.0, 1681.5, 2286.0)
(706.5, 3150.375, 860.5, 3165.375)
(873.359375, 5690.0, 1386.359375, 5722.0)
(1296.5, 5289.0, 1441.5, 5319.0)
(241.5, 2267.0, 551.5, 2286.0)
(591.5, 408.0, 941.5, 828.0)
(1455.5, 1733.375, 1655.5, 1748.375)
(611.5, 4421.0, 758.5, 4524.0)
(407.5, 4923.375, 607.5, 4938.375)
(581.5, 1886.0, 951.5, 2306.0)
(1351.5, 2105.0, 1661.5, 2257.0)
(1286.75, 5796.0, 1430.75, 5818.0)
(1331.5, 789.0, 1681.5, 808.0)
(964.796875, 5833.0, 964.796875, 5845.0)
(1505.703125, 932.0, 1670.703125, 1035.0)
(241.5, 1642.0, 1661.5, 1856.0)
(220.0, 5.0, 387.0, 65.0)
(0.0, 0.0, 2029.0, 380.0)
(-4298.5, 99.0, -2798.5, 699.0)
(451.5, 5818.0, 575.5, 5833.0)
(221.5, 932.0, 571.5, 1209.0)
(221.5, 1970.0, 571.5, 2247.0)
(3269.5, 4923.375, 3469.5, 4938.375)
(0.0, 0.0, 771.0, 19.0)
(908.0, 3798.0, 1022.0, 3998.0)
(560.5, 3150.375, 687.5, 3165.375)
(560.5, 3059.0, 687.5, 3259.0)
(2639.5, 4923.375, 2839.5, 4938.375)
(591.5, 1943.0, 941.5, 2247.0)
(404.25, 2118.5, 551.25, 2257.5)
(1884.0, 4093.0, 2008.0, 4293.0)
(1692.5, 3798.0, 1962.5, 3998.0)
(241.5, 1642.0, 386.5, 1842.0)
(241.5, 4394.0, 551.5, 4546.0)
(665.5, 5424.0, 865.5, 5439.0)
(1124.875, 2105.0, 1310.875, 2221.0)
(0.0, 0.0, 1410.0, 19.0)
(1756.40625, 35.0, 1764.40625, 39.0)
(1351.5, 1943.0, 1498.5, 2095.0)
(0.0, 0.0, 290.0, 420.0)
(221.5, 2621.0, 1681.5, 2984.0)
(221.5, 3360.0, 571.5, 3664.0)
(-5798.5, 99.0, 1701.5, 699.0)
(0.0, 0.0, 813.0, 19.0)
(231.0, 14.0, 365.0, 47.0)
(221.5, 3004.0, 1681.5, 3283.0)
(2376.5, 3059.0, 2521.5, 3259.0)
(774.25, 4421.0, 921.25, 4560.0)
(241.5, 1343.0, 1603.5, 1543.0)
(0.0, 0.0, 367.0, 24.0)
(1701.5, 99.0, 3201.5, 699.0)
(404.25, 465.0, 551.25, 581.0)
(912.5, 5833.0, 1061.5, 5867.0)
(1061.5, 5784.0, 1101.5, 5818.0)
(241.5, 4093.0, 3916.5, 4293.0)
(1331.5, 428.0, 1681.5, 482.0)
(0.0, 0.0, 1125.0, 19.0)
(1239.0, 3798.0, 1311.0, 3998.0)
(665.5, 5349.0, 865.5, 5364.0)
(384.875, 4556.0, 570.875, 4672.0)
(1081.0, 3798.0, 1159.0, 3998.0)
(1712.484375, 15.0, 1788.484375, 29.0)
(591.5, 2267.0, 941.5, 2286.0)
(2064.5, 4923.375, 2264.5, 4938.375)
(1804.5, 2394.4375, 2074.5, 2560.4375)
(3269.5, 4832.0, 3469.5, 5032.0)
(981.5, 905.0, 1291.5, 1145.0)
(3759.5, 4923.375, 3959.5, 4938.375)
(1351.5, 596.140625, 1443.5, 614.140625)
(1119.5, 4184.375, 1330.5, 4199.375)
(210.0, 60.0, 1575.0, 99.0)
(211.5, 388.0, 1691.5, 1288.0)
(4221.5, 4832.0, 4462.5, 5032.0)
(-7298.5, 99.0, 201.5, 699.0)
(1296.5, 5419.0, 1441.5, 5449.0)
(981.5, 744.640625, 1032.5, 762.640625)
(241.5, 4093.0, 386.5, 4293.0)
(1144.25, 581.0, 1291.25, 617.0)
(981.5, 5324.0, 1087.5, 5339.0)
(241.5, 3798.0, 1661.5, 4029.0)
(667.171875, 5784.0, 667.171875, 5796.0)
(1331.5, 4421.0, 1681.5, 4698.0)
(0.0, 0.0, 105.0, 31.0)
(2070.0, 3150.375, 2208.0, 3165.375)
(1331.5, 3303.0, 1681.5, 3723.0)
(241.5, 3763.0, 1661.5, 3798.0)
(404.25, 4556.0, 551.25, 4708.0)
(1238.5, 5784.0, 1278.5, 5818.0)
(404.25, 2072.5, 551.25, 2108.5)
(962.125, 1943.0, 1148.125, 2059.0)
(611.5, 789.0, 921.5, 808.0)
(490.1875, 3763.0, 556.1875, 3798.0)
(961.5, 2267.0, 1311.5, 2286.0)
(241.5, 2118.5, 388.5, 2257.5)
(546.171875, 2346.0, 561.171875, 2346.0)
(404.25, 581.0, 551.25, 617.0)
(577.0, 1943.0, 956.0, 2247.0)
(1124.875, 465.0, 1310.875, 581.0)
(451.5, 5784.0, 1451.5, 5867.0)
(396.5, 4093.0, 579.5, 4293.0)
(706.5, 3059.0, 860.5, 3259.0)
(981.5, 1169.0, 1291.5, 1188.0)
(962.125, 4556.0, 1148.125, 4672.0)
(1144.25, 2105.0, 1291.25, 2257.0)
(0.0, 0.0, 807.0, 19.0)
(920.75, 5833.0, 1005.75, 5867.0)
(1144.25, 4673.640625, 1173.25, 4691.640625)
(1430.1875, 5796.0, 1430.1875, 5807.0)
(981.5, 4394.0, 1128.5, 4546.0)
(1197.796875, 5833.0, 1197.796875, 5845.0)
(1081.390625, 66.0, 1184.390625, 92.0)
(241.5, 3059.0, 1661.5, 3273.0)
(0.0, 0.0, 1601.0, 19.0)
(1665.5, 1733.375, 1843.5, 1748.375)
(241.5, 3323.0, 551.5, 3350.0)
(665.5, 5424.0, 738.5, 5439.0)
(1514.25, 2105.0, 1661.25, 2221.0)
(4561.5, 2416.1875, 4831.5, 2538.1875)
(443.21875, 66.0, 502.21875, 92.0)
(0.0, 0.0, 758.0, 19.0)
(3344.5, 1642.0, 3543.5, 1842.0)
(1332.125, 2105.0, 1518.125, 2221.0)
(211.5, 3303.0, 581.5, 3723.0)
(591.5, 4421.0, 941.5, 4698.0)
(446.546875, 5907.0, 1036.546875, 5925.0)
(0.0, 5955.0, 0.0, 5955.0)
(3502.5, 2468.375, 3662.5, 2483.375)
(221.5, 465.0, 571.5, 769.0)
(0.0, 0.0, 1903.0, 60.0)
(1144.25, 465.0, 1291.25, 581.0)
(0.0, 0.0, 571.0, 57.0)
(0.0, 0.0, 803.0, 19.0)
(1124.875, 4394.0, 1310.875, 4510.0)
(1331.5, 4357.0, 1681.5, 4411.0)
(404.25, 744.640625, 443.25, 762.640625)
(4561.5, 2377.0, 4831.5, 2577.0)
(4381.5, 2468.375, 4551.5, 2483.375)
(1036.59375, 1145.0, 1051.59375, 1168.0)
(413.0, 3150.375, 525.0, 3165.375)
(591.5, 3684.0, 941.5, 3703.0)
(1514.25, 2060.640625, 1580.25, 2078.640625)
(567.203125, 66.0, 696.203125, 92.0)
(827.5, 4923.375, 1094.5, 4938.375)
(913.5, 5633.0, 920.5, 5647.0)
(1524.5, 4923.375, 1791.5, 4938.375)
(451.5, 5610.0, 1451.5, 5678.0)
(376.5, 2641.0, 1526.5, 2964.0)
(4171.5, 2377.0, 4371.5, 2577.0)
(-1298.5, 99.0, 201.5, 699.0)
(1342.953125, 1080.5, 1507.953125, 1183.5)
(0.0, 0.0, 811.0, 19.0)
(981.5, 627.0, 1128.5, 743.0)
(0.0, 0.0, 989.0, 19.0)
(1149.5, 1434.375, 1349.5, 1449.375)
(575.5, 5833.0, 615.5, 5867.0)
(2806.5, 2468.375, 3076.5, 2483.375)
(-8354.5, 198.0, -8353.5, 199.0)
(384.875, 4394.0, 570.875, 4510.0)
(1144.25, 465.0, 1291.25, 617.0)
(0.0, 0.0, 1517.0, 19.0)
(1333.828125, 3387.0, 1679.828125, 3664.0)
(-4298.5, 99.0, 3201.5, 699.0)
(1514.25, 2222.640625, 1635.25, 2240.640625)
(981.5, 3638.0, 1128.5, 3674.0)
(981.5, 4394.0, 1128.5, 4510.0)
(3312.5, 4093.0, 3472.5, 4293.0)
(1351.5, 492.0, 1661.5, 631.0)
(981.5, 1906.0, 1291.5, 1933.0)
(1144.25, 4556.0, 1291.25, 4672.0)
(241.5, 1343.0, 1661.5, 1557.0)
(1067.953125, 5690.0, 1119.953125, 5704.0)
(220.0, 10.0, 387.0, 50.0)
(207.0, 3360.0, 586.0, 3664.0)
(11.0, 61.0, 93.0, 100.0)
(201.5, 99.0, 281.5, 349.0)
(1620.4375, 29.0, 1695.4375, 49.0)
(221.5, 428.0, 571.5, 455.0)
(3672.5, 2377.0, 3881.5, 2577.0)
(1550.5, 2377.0, 1794.5, 2577.0)
(220.0, 10.0, 1475.0, 10.0)
(211.5, 3283.0, 1691.5, 3303.0)
(241.5, 3767.0, 489.5, 3790.0)
(1286.75, 5784.0, 1430.75, 5818.0)
(221.5, 349.0, 1681.5, 388.0)
(3201.5, 99.0, 4701.5, 699.0)
(2482.5, 3889.375, 2573.5, 3904.375)
(665.5, 5299.0, 865.5, 5314.0)
(221.0, 10.0, 466.0, 45.0)
(0.0, 0.0, 750.0, 19.0)
(241.5, 1970.0, 551.5, 2109.0)
(0.0, 0.0, 1053.0, 19.0)
(912.5, 5784.0, 1061.5, 5818.0)
(665.5, 5399.0, 865.5, 5414.0)
(211.5, 2306.0, 1691.5, 2326.0)
(729.90625, 5909.0, 797.90625, 5923.0)
(2385.5, 3059.0, 2512.5, 3259.0)
(0.0, 0.0, 197.0, 19.0)
(413.5, 3798.0, 524.5, 3998.0)
(981.5, 5224.0, 1179.5, 5339.0)
(0.0, 0.0, 1086.0, 19.0)
(404.25, 4511.640625, 439.25, 4529.640625)
(611.5, 4569.5, 758.5, 4708.5)
(0.0, 0.0, 1532.0, 19.0)
(735.5, 1733.375, 885.5, 1748.375)
(0.0, 0.0, 1.0, 1.0)
(996.6875, 5667.0, 996.6875, 5667.0)
(0.0, 349.0, 1903.0, 5056.0)
(0.0, 0.0, 1498.0, 19.0)
(1144.25, 3360.0, 1291.25, 3512.0)
(0.0, 5100.0, 1903.0, 5955.0)
(665.5, 5195.0, 865.5, 5210.0)
(224.5, 198.0, 258.5, 250.0)
(241.5, 3024.0, 1661.5, 3059.0)
(962.125, 3522.0, 1148.125, 3638.0)
(-2798.5, 99.0, 4701.5, 699.0)
(3296.5, 2468.375, 3492.5, 2483.375)
(3479.5, 4923.375, 3749.5, 4938.375)
(1296.5, 5224.0, 1417.5, 5239.0)
(461.5, 5224.0, 549.5, 5254.0)
(0.0, 0.0, 1893.0, 209.0)
(593.828125, 932.0, 939.828125, 1209.0)
(2280.5, 4923.375, 2413.5, 4938.375)
(241.5, 2346.0, 1661.5, 2377.0)
(591.5, 1886.0, 941.5, 2306.0)
(0.0, 0.0, 270.0, 223.0)
(3553.5, 1642.0, 3760.5, 1842.0)
(593.828125, 492.0, 939.828125, 769.0)
(2028.5, 4093.0, 2180.5, 4293.0)
(0.0, 0.0, 512.0, 298.0)
(241.5, 2118.5, 551.5, 2256.5)
(1402.921875, 5784.0, 1402.921875, 5796.0)
(623.75, 5846.0, 846.75, 5857.0)
(2281.5, 1668.828125, 2551.5, 1814.828125)
(1488.609375, 6.0, 1609.609375, 6.0)
(1144.25, 3360.0, 1291.25, 3476.0)
(559.5, 1733.375, 725.5, 1748.375)
(1144.25, 1943.0, 1291.25, 2095.0)
(1611.4375, 6.0, 1701.4375, 56.0)
(1296.5, 5289.0, 1413.5, 5319.0)
(1144.25, 3522.0, 1291.25, 3674.0)
(0.0, 0.0, 500.0, 522.0)
(0.0, 0.0, 798.0, 19.0)
(600.0, 4184.375, 724.0, 4199.375)
(839.234375, 4797.0, 905.234375, 4832.0)
(472.328125, 110.0, 570.328125, 136.0)
(1703.484375, 6.0, 1788.484375, 56.0)
(1061.5, 5833.0, 1101.5, 5867.0)
(1081.0, 3889.375, 1159.0, 3904.375)
(1510.5, 4093.0, 1651.5, 4293.0)
(241.5, 4093.0, 1661.5, 4324.0)
(981.5, 1164.0, 1106.5, 1164.0)
(981.5, 627.0, 1128.5, 779.0)
(981.5, 465.0, 1128.5, 581.0)
(0.0, 0.0, 824.0, 19.0)
(0.0, 0.0, 1538.0, 19.0)
(591.5, 3303.0, 941.5, 3723.0)
(1188.5, 3150.375, 1392.5, 3165.375)
(2190.5, 4093.0, 2369.5, 4293.0)
(981.5, 2059.0, 1128.5, 2095.0)
(0.0, 5100.0, 1903.0, 5149.0)
(2785.5, 4093.0, 2991.5, 4293.0)
(981.5, 3476.0, 1128.5, 3512.0)
(1331.5, 868.0, 1681.5, 922.0)
(1790.859375, 6.0, 1898.859375, 56.0)
(1351.5, 428.0, 1661.5, 482.0)
(2561.5, 1733.375, 2716.5, 1748.375)
(405.421875, 1970.0, 550.421875, 2073.0)
(1351.5, 4718.0, 1661.5, 4737.0)
(1296.5, 5484.0, 1441.5, 5499.0)
(-1000000.0, -1000000.0, -999999.0, -999999.0)
(0.0, 0.0, 5966.0, 247.0)
(665.5, 5324.0, 791.5, 5339.0)
(221.5, 868.0, 571.5, 922.0)
(505.1875, 3772.0, 557.1875, 3788.0)
(961.5, 4357.0, 1311.5, 4384.0)
(0.0, 0.0, 1903.0, 95.0)
(1144.25, 3476.0, 1291.25, 3512.0)
(856.0625, 5909.0, 1037.0625, 5923.0)
(0.0, 0.0, 305.0, 19.0)
(981.5, 1145.0, 1291.5, 1174.0)
(1124.875, 3522.0, 1310.875, 3638.0)
(3482.5, 4093.0, 3681.5, 4293.0)
(742.1875, 5690.0, 788.1875, 5704.0)
(0.0, 0.0, 375.0, 240.0)
(0.0, 0.0, 571.0, 38.0)
(1296.5, 5354.0, 1426.5, 5384.0)
(1016.546875, 1147.0, 1029.546875, 1161.0)
(248.5, 4093.0, 379.5, 4293.0)
(1712.484375, 29.0, 1773.484375, 49.0)
(1351.5, 3684.0, 1661.5, 3703.0)
(637.546875, 361.0, 1210.546875, 376.0)
(1376.5, 1434.375, 1576.5, 1449.375)
(755.0, 4093.0, 879.0, 4293.0)
(0.0, 0.0, 1903.0, 475.0)
(404.25, 627.0, 551.25, 743.0)
(951.5, 408.0, 1321.5, 828.0)
(981.5, 868.0, 1291.5, 895.0)
(0.0, 0.0, 268.0, 24.0)
(521.5, 2468.375, 791.5, 2483.375)
(962.125, 627.0, 1148.125, 743.0)
(241.5, 4797.0, 839.5, 4828.0)
(2274.5, 4832.0, 2419.5, 5032.0)
(461.5, 5264.0, 526.5, 5294.0)
(886.34375, 5690.0, 941.34375, 5704.0)
(0.0, 0.0, 203.0, 19.0)
(3691.5, 4093.0, 3906.5, 4293.0)
(0.0, 0.0, 1903.0, 57.0)
(1124.875, 627.0, 1310.875, 743.0)
(221.5, 848.0, 571.5, 1268.0)
(602.953125, 4569.5, 767.953125, 4672.5)
(1351.5, 4421.0, 1661.5, 4698.0)
(211.5, 2326.0, 1691.5, 2601.0)
(911.90625, 5708.0, 973.90625, 5722.0)
(-1298.5, 99.0, 6201.5, 699.0)
(981.5, 743.0, 1128.5, 779.0)
(1144.25, 582.640625, 1179.25, 600.640625)
(1342.953125, 932.0, 1507.953125, 1035.0)
(241.5, 4556.0, 551.5, 4708.0)
(1351.5, 932.0, 1661.5, 1071.0)
(1351.5, 1183.0, 1498.5, 1219.0)
(611.5, 2267.0, 921.5, 2286.0)
(241.5, 3059.0, 1661.5, 3290.0)
(241.5, 4801.0, 838.5, 4824.0)
(3759.5, 4832.0, 3959.5, 5032.0)
(961.5, 3323.0, 1311.5, 3350.0)
(576.96875, 5690.0, 640.96875, 5704.0)
(0.0, 0.0, 347.0, 19.0)
(1342.953125, 492.0, 1507.953125, 595.0)
(837.5, 2468.375, 910.5, 2483.375)
(1351.5, 492.0, 1498.5, 631.0)
(981.5, 5195.0, 1179.5, 5210.0)
(765.703125, 4569.5, 930.703125, 4672.5)
(0.0, 0.0, 797.0, 19.0)
(222.125, 627.0, 408.125, 743.0)
(981.5, 465.0, 1291.5, 617.0)
(221.5, 1886.0, 571.5, 2306.0)
(673.78125, 5796.0, 673.78125, 5807.0)
(241.5, 1312.0, 497.5, 1335.0)
(951.5, 3303.0, 1321.5, 3723.0)
(222.125, 465.0, 408.125, 581.0)
(241.5, 1434.375, 441.5, 1449.375)
(1665.5, 1642.0, 1843.5, 1842.0)
(1351.5, 2222.640625, 1430.5, 2240.640625)
(221.5, 4777.0, 1681.5, 5056.0)
(1514.25, 744.640625, 1574.25, 762.640625)
(899.5, 4093.0, 1109.5, 4293.0)
(1086.640625, 1147.0, 1099.640625, 1161.0)
(241.5, 4923.375, 397.5, 4938.375)
(413.0, 3059.0, 525.0, 3259.0)
(0.0, 60.0, 209.0, 99.0)
(1351.5, 868.0, 1661.5, 922.0)
(404.25, 582.640625, 440.25, 600.640625)
(665.5, 5399.0, 808.5, 5414.0)
(611.5, 1906.0, 921.5, 1933.0)
(241.5, 1229.0, 551.5, 1248.0)
(0.0, 0.0, 202.0, 202.0)
(0.0, 0.0, 1893.0, 71.0)
(0.0, 0.0, 806.0, 19.0)
(1351.5, 492.0, 1498.5, 595.0)
(210.0, 60.0, 217.0, 60.0)
(241.5, 465.0, 388.5, 581.0)
(221.5, 1288.0, 1681.5, 1567.0)
(1144.25, 3639.640625, 1183.25, 3657.640625)
(961.5, 4718.0, 1311.5, 4737.0)
(981.5, 5299.0, 1068.5, 5314.0)
(611.5, 1943.0, 921.5, 2247.0)
(611.5, 4525.140625, 738.5, 4543.140625)
(221.5, 408.0, 571.5, 828.0)
(872.5, 5833.0, 912.5, 5867.0)
(-9774.5, 198.0, -9773.5, 199.0)
(1032.296875, 1147.0, 1038.296875, 1161.0)
(16.0, 21.0, 36.0, 39.0)
(872.5, 5784.0, 912.5, 5818.0)
(451.5, 5818.0, 1451.5, 5833.0)
(0.0, 99.0, 1903.0, 99.0)
(1101.5, 5784.0, 1238.5, 5818.0)
(446.546875, 5909.0, 611.546875, 5923.0)
(1351.5, 640.5, 1498.5, 743.5)
(1408.4375, 5833.0, 1408.4375, 5845.0)
(387.09375, 10.0, 1430.09375, 50.0)
(1101.5, 5833.0, 1238.5, 5867.0)
(961.5, 1886.0, 1311.5, 2306.0)
(3168.0, 4093.0, 3292.0, 4293.0)
(221.5, 1229.0, 571.5, 1248.0)
(981.5, 2267.0, 1291.5, 2286.0)
(241.5, 4673.640625, 292.5, 4691.640625)
(0.0, 0.0, 677.0, 19.0)
(396.5, 3059.0, 541.5, 3259.0)
(2429.5, 4832.0, 2629.5, 5032.0)
(615.5, 5784.0, 872.5, 5818.0)
(1331.5, 848.0, 1681.5, 1268.0)
(0.0, 0.0, 266.0, 24.0)
(513.546875, 5833.0, 513.546875, 5845.0)
(3691.5, 4184.375, 3906.5, 4199.375)
(241.5, 428.0, 551.5, 455.0)
(1351.5, 1034.5, 1498.5, 1070.5)
(0.0, 0.0, 761.0, 19.0)
(0.0, 0.0, 821.0, 19.0)
(241.5, 2377.0, 4831.5, 2577.0)
(241.5, 4832.0, 397.5, 5032.0)
(221.5, 2267.0, 571.5, 2286.0)
(0.0, 0.0, 1661.0, 266.0)
(1574.546875, 60.0, 1892.546875, 99.0)
(221.5, 4042.0, 1681.5, 4317.0)
(241.5, 2383.578125, 511.5, 2570.578125)
(241.5, 4394.0, 388.5, 4546.0)
(981.5, 3684.0, 1291.5, 3703.0)
(3179.5, 1733.375, 3334.5, 1748.375)
(1296.5, 5534.0, 1441.5, 5549.0)
(1278.5, 5833.0, 1451.5, 5867.0)
(241.5, 4832.0, 1661.5, 5063.0)
(251.5, 1733.375, 376.5, 1748.375)
(3059.5, 4923.375, 3259.5, 4938.375)
(221.5, 3323.0, 571.5, 3350.0)
(1331.5, 1943.0, 1681.5, 2247.0)
(559.5, 5189.0, 655.5, 5559.0)
(3344.5, 1733.375, 3543.5, 1748.375)
(1663.5, 4093.0, 1863.5, 4293.0)
(241.5, 2346.0, 546.5, 2377.0)
(221.5, 789.0, 571.5, 808.0)
(0.0, 0.0, 92.0, 24.0)
(339.375, 3033.0, 391.375, 3049.0)
(611.5, 4421.0, 758.5, 4560.0)
(1321.5, 3303.0, 1691.5, 3723.0)
(451.5, 5688.0, 1451.5, 5724.0)
(0.0, 0.0, 795.0, 19.0)
(1514.25, 2105.0, 1661.25, 2257.0)
(211.5, 848.0, 581.5, 1268.0)
(2726.5, 1642.0, 2905.5, 1842.0)
(241.5, 2072.5, 388.5, 2108.5)
(241.5, 2222.640625, 278.5, 2240.640625)
(241.5, 2377.0, 1661.5, 2591.0)
(1357.5, 2468.375, 1540.5, 2483.375)
(1214.15625, 361.0, 1265.15625, 376.0)
(0.0, 0.0, 1141.0, 19.0)
(0.0, 5100.0, 1903.0, 5100.0)
(461.5, 5195.0, 549.5, 5210.0)
(0.0, 0.0, 1153.0, 19.0)
(1345.5625, 66.0, 1425.5625, 92.0)
(1144.25, 2105.0, 1291.25, 2221.0)
(387.09375, 22.0, 441.09375, 51.0)
(0.0, 5897.0, 1903.0, 5955.0)
(1144.25, 4510.0, 1291.25, 4546.0)
(3980.5, 1642.0, 4201.5, 1842.0)
(1514.25, 932.0, 1661.25, 1035.0)
(396.5, 1733.375, 549.5, 1748.375)
(1351.5, 1036.140625, 1449.5, 1054.140625)
(241.5, 789.0, 551.5, 808.0)
(451.5, 5189.0, 1451.5, 5559.0)
(0.0, 0.0, 0.0, 14.0)
(611.5, 4421.0, 921.5, 4560.0)
(0.0, 0.0, 225.0, 85.0)
(0.0, 0.0, 759.0, 19.0)
(4171.5, 2468.375, 4371.5, 2483.375)
(396.5, 3798.0, 541.5, 3998.0)
(744.5, 4093.0, 889.5, 4293.0)
(38.0, 79.0, 82.0, 99.0)
(922.5, 1343.0, 1122.5, 1543.0)
(1892.5, 3059.0, 2056.5, 3259.0)
(1296.5, 5329.0, 1441.5, 5344.0)
(551.5, 3798.0, 727.5, 3998.0)
(961.5, 408.0, 1311.5, 828.0)
(211.5, 1866.0, 1691.5, 1886.0)
(0.0, 0.0, 1661.0, 532.0)
(404.25, 465.0, 551.25, 617.0)
(0.0, 0.0, 226.0, 19.0)
(241.5, 4066.0, 520.5, 4089.0)
(4701.5, 699.0, 6201.5, 699.0)
(1505.703125, 640.5, 1670.703125, 743.5)
(94.03125, 60.0, 94.03125, 60.0)
(981.5, 582.640625, 1094.5, 600.640625)
(611.5, 4523.5, 758.5, 4559.5)
(953.546875, 5845.0, 953.546875, 5856.0)
(451.5, 5784.0, 575.5, 5818.0)
(2785.5, 4184.375, 2991.5, 4199.375)
(1296.5, 5224.0, 1441.5, 5549.0)
(220.0, 5.0, 387.0, 5.0)
(211.5, 4777.0, 1691.5, 5056.0)
(961.5, 789.0, 1311.5, 808.0)
(1314.5, 4832.0, 1514.5, 5032.0)
(1524.5, 4832.0, 1791.5, 5032.0)
(2246.5, 2468.375, 2516.5, 2483.375)
(1800.859375, 17.0, 1838.859375, 43.0)
(1144.25, 4394.0, 1291.25, 4546.0)
(221.5, 1906.0, 571.5, 1960.0)
(1296.5, 5509.0, 1404.5, 5524.0)
(211.5, 408.0, 581.5, 828.0)
(0.0, 0.0, 331.0, 192.0)
(2588.5, 4184.375, 2775.5, 4199.375)
(0.0, 0.0, 501.0, 12.0)
(892.5, 3798.0, 1037.5, 3998.0)
(0.0, 60.0, 1903.0, 60.0)
(1144.25, 627.0, 1291.25, 779.0)
(1429.609375, 5.0, 1474.609375, 65.0)
(2300.5, 3798.0, 2445.5, 3998.0)
(1514.25, 2059.0, 1661.25, 2095.0)
(211.5, 2984.0, 1691.5, 3004.0)
(1331.5, 932.0, 1681.5, 1209.0)
(551.5, 3889.375, 727.5, 3904.375)
(1351.5, 2060.640625, 1416.5, 2078.640625)
(1331.5, 4337.0, 1681.5, 4757.0)
(665.5, 5349.0, 785.5, 5364.0)
(2915.5, 1642.0, 3169.5, 1842.0)
(3296.5, 2377.0, 3492.5, 2577.0)
(1124.875, 4556.0, 1310.875, 4672.0)
(226.0, 14.0, 386.0, 47.0)
(241.5, 4093.0, 1661.5, 4307.0)
(1296.5, 5249.0, 1415.5, 5279.0)
(504.84375, 66.0, 563.84375, 92.0)
(1514.25, 492.0, 1661.25, 595.0)
(0.0, 0.0, 1903.0, 38.0)
(1741.0, 3059.0, 1879.0, 3259.0)
(0.0, 0.0, 320.0, 19.0)
(241.5, 465.0, 551.5, 617.0)
(468.5, 1343.0, 668.5, 1543.0)
(0.0, 0.0, 1525.0, 19.0)
(685.765625, 5690.0, 741.765625, 5704.0)
(2482.5, 3798.0, 2573.5, 3998.0)
(211.5, 3004.0, 1691.5, 3283.0)
(759.0, 3889.375, 861.0, 3904.375)
(1351.5, 2105.0, 1498.5, 2221.0)
(1479.609375, 6.0, 1609.609375, 56.0)
(826.328125, 66.0, 968.328125, 92.0)
(1514.25, 1183.0, 1661.25, 1219.0)
(241.5, 1970.0, 388.5, 2073.0)
(404.25, 4394.0, 551.25, 4546.0)
(0.0, 5754.0, 1903.0, 5897.0)
(1514.25, 594.5, 1661.25, 630.5)
(0.0, 0.0, 248.0, 19.0)
(1144.25, 4394.0, 1291.25, 4510.0)
(854.234375, 4806.0, 906.234375, 4822.0)
(0.0, 5599.0, 1903.0, 5600.0)
(591.5, 868.0, 941.5, 922.0)
(611.5, 868.0, 921.5, 922.0)
(3891.5, 2377.0, 4161.5, 2577.0)
(404.25, 627.0, 551.25, 779.0)
(1144.25, 4672.0, 1291.25, 4708.0)
(459.75, 5833.0, 558.75, 5867.0)
(981.5, 2105.0, 1291.5, 2257.0)
(695.5, 1343.0, 895.5, 1543.0)
(1882.0, 35.0, 1890.0, 39.0)
(1202.5, 3798.0, 1347.5, 3998.0)
(241.5, 4062.0, 521.5, 4093.0)
(1144.25, 4556.0, 1291.25, 4708.0)
(655.5, 5189.0, 875.5, 5559.0)
(981.5, 789.0, 1291.5, 808.0)
(2526.5, 2412.09375, 2796.5, 2542.09375)
(0.0, 0.0, 1903.0, 0.0)
(0.0, 0.0, 1420.0, 6.0)
(539.8125, 5845.0, 539.8125, 5856.0)
(1015.5, 905.0, 1257.5, 1145.0)
(1296.5, 5459.0, 1441.5, 5474.0)
(0.0, 0.0, 1903.0, 855.0)
(1514.25, 492.0, 1661.25, 631.0)
(1801.5, 4923.375, 2054.5, 4938.375)
(1340.5, 4184.375, 1498.5, 4199.375)
(459.75, 5784.0, 543.75, 5818.0)
(387.09375, 11.0, 1430.09375, 49.0)
(150.0, 19.0, 166.0, 33.0)
(241.5, 868.0, 551.5, 922.0)
(2281.5, 1733.375, 2551.5, 1748.375)
(242.671875, 2118.5, 387.671875, 2221.5)
(1332.125, 1943.0, 1518.125, 2059.0)
(2531.5, 3059.0, 2676.5, 3259.0)
(1286.75, 5833.0, 1408.75, 5867.0)
(201.5, 99.0, 1701.5, 699.0)
(2246.5, 2377.0, 2516.5, 2577.0)
(981.5, 2105.0, 1128.5, 2257.0)
(1514.25, 596.140625, 1554.25, 614.140625)
(895.5, 1733.375, 1165.5, 1748.375)
(241.5, 1970.0, 388.5, 2109.0)
(2235.0, 3059.0, 2353.0, 3259.0)
(3001.5, 4093.0, 3147.5, 4293.0)
(1296.5, 5394.0, 1441.5, 5409.0)
(981.5, 3360.0, 1128.5, 3476.0)
(908.0, 3889.375, 1022.0, 3904.375)
(396.5, 1642.0, 549.5, 1842.0)
(0.0, 0.0, 940.0, 296.0)
(981.5, 5274.0, 1179.5, 5289.0)
(241.5, 1642.0, 4201.5, 1842.0)
(0.0, 0.0, 217.0, 60.0)
(223.828125, 932.0, 569.828125, 1209.0)
(981.5, 3639.640625, 1032.5, 3657.640625)
(611.5, 4569.5, 758.5, 4672.5)
(665.5, 5374.0, 816.5, 5389.0)
(2561.5, 1642.0, 2716.5, 1842.0)
(201.5, 699.0, 1701.5, 699.0)
(1508.5, 4093.0, 1653.5, 4293.0)
(591.5, 4357.0, 941.5, 4411.0)
(981.5, 4718.0, 1291.5, 4737.0)
(1296.5, 5195.0, 1441.5, 5210.0)
(611.5, 932.0, 921.5, 1209.0)
(1972.5, 3889.375, 2135.5, 3904.375)
(961.5, 905.0, 1311.5, 1249.0)
(1331.5, 4718.0, 1681.5, 4737.0)
(1286.75, 5845.0, 1382.75, 5867.0)
(220.0, 10.0, 1475.0, 50.0)
(0.0, 0.0, 463.0, 19.0)
(1582.5, 3059.0, 1727.5, 3259.0)
(241.5, 581.0, 388.5, 617.0)
(0.0, 0.0, 1420.0, 214.0)
(3157.5, 4093.0, 3302.5, 4293.0)
(241.5, 743.0, 388.5, 779.0)
(241.5, 1308.0, 498.5, 1339.0)
(513.328125, 1317.0, 565.328125, 1333.0)
(981.5, 2105.0, 1128.5, 2221.0)
(1402.5, 3059.0, 1572.5, 3259.0)
(981.5, 3360.0, 1291.5, 3512.0)
(961.5, 4337.0, 1311.5, 4757.0)
(2455.5, 3798.0, 2600.5, 3998.0)
(1296.5, 5419.0, 1422.5, 5449.0)
(0.0, 99.0, 0.0, 99.0)
(241.5, 2377.0, 1661.5, 2608.0)
(1455.5, 1642.0, 1655.5, 1842.0)
(1873.5, 4093.0, 2018.5, 4293.0)
(241.5, 2118.5, 388.5, 2221.5)
(241.5, 1642.0, 1661.5, 1873.0)
(1692.5, 3889.375, 1962.5, 3904.375)
(1564.5, 3889.375, 1655.5, 3904.375)
(1488.609375, 15.0, 1587.609375, 29.0)
(404.25, 4394.0, 551.25, 4510.0)
(241.5, 3028.0, 323.5, 3051.0)
(913.5, 5640.0, 989.5, 5663.0)
(38.0, 61.0, 93.0, 61.0)
(961.5, 868.0, 1311.5, 895.0)
(241.5, 2383.578125, 511.5, 2569.578125)
(774.25, 4525.140625, 903.25, 4543.140625)
(1351.5, 640.5, 1498.5, 779.5)
(1144.25, 1943.0, 1291.25, 2059.0)
(451.5, 5784.0, 1451.5, 5818.0)
(1510.5, 4184.375, 1651.5, 4199.375)
(920.75, 5784.0, 1041.75, 5818.0)
(2639.5, 4832.0, 2839.5, 5032.0)
(241.5, 627.0, 388.5, 779.0)
(1351.5, 2105.0, 1498.5, 2257.0)
(611.5, 3387.0, 921.5, 3664.0)
(0.0, 60.0, 1903.0, 99.0)
(609.046875, 1616.0, 660.046875, 1632.0)
(4561.5, 2468.375, 4831.5, 2483.375)
(1741.0, 3150.375, 1879.0, 3165.375)
(981.5, 3522.0, 1291.5, 3674.0)
(981.5, 3522.0, 1128.5, 3638.0)
(1037.5, 3150.375, 1174.5, 3165.375)
(591.5, 3323.0, 941.5, 3377.0)
(611.5, 4718.0, 921.5, 4737.0)
(2280.5, 4832.0, 2413.5, 5032.0)
(581.5, 3303.0, 951.5, 3723.0)
(1351.5, 640.5, 1661.5, 778.5)
(211.5, 1288.0, 1691.5, 5056.0)
(1514.25, 1036.140625, 1583.25, 1054.140625)
(1144.25, 3477.640625, 1180.25, 3495.640625)
(407.5, 4832.0, 607.5, 5032.0)
(404.25, 1970.0, 551.25, 2109.0)
(0.0, 0.0, 764.0, 19.0)
(774.25, 4673.640625, 900.25, 4691.640625)
(1663.5, 4184.375, 1863.5, 4199.375)
(461.5, 5224.0, 527.5, 5254.0)
(404.25, 4672.0, 551.25, 4708.0)
(1016.546875, 1145.0, 1022.546875, 1169.0)
(1296.5, 5394.0, 1348.5, 5409.0)
(2190.5, 4184.375, 2369.5, 4199.375)
(1972.5, 3798.0, 2135.5, 3998.0)
(611.5, 4672.0, 758.5, 4708.0)
(970.0, 2377.0, 1088.0, 2577.0)
(0.0, 0.0, 809.0, 19.0)
(0.0, 0.0, 790.0, 19.0)
(665.5, 5224.0, 865.5, 5239.0)
(1514.25, 1943.0, 1661.25, 2095.0)
(2235.0, 3150.375, 2353.0, 3165.375)
(1351.5, 4357.0, 1661.5, 4411.0)
(611.6875, 5909.0, 729.6875, 5923.0)
(0.0, 0.0, 1893.0, 38.0)
(1051.59375, 1145.0, 1086.59375, 1168.0)
(241.5, 1308.0, 1661.5, 1343.0)
(961.5, 3360.0, 1311.5, 3664.0)
(2379.5, 4093.0, 2578.5, 4293.0)
(211.5, 4337.0, 581.5, 4757.0)
(951.5, 4337.0, 1321.5, 4757.0)
(213.0, 66.0, 335.0, 92.0)
(241.5, 4062.0, 1661.5, 4093.0)
(-4298.5, 699.0, -2798.5, 699.0)
(981.5, 1943.0, 1128.5, 2059.0)
(1144.25, 3522.0, 1291.25, 3638.0)
(1296.5, 5484.0, 1399.5, 5499.0)
(1109.75, 5796.0, 1219.75, 5818.0)
(0.0, 0.0, 324.0, 19.0)
(611.5, 3323.0, 921.5, 3377.0)
(404.25, 4510.0, 551.25, 4546.0)
(1041.375, 5796.0, 1041.375, 5807.0)
(213.0, 110.0, 301.0, 136.0)
(1296.5, 5329.0, 1381.5, 5344.0)
(591.5, 1229.0, 941.5, 1248.0)
(1111.5, 2468.375, 1347.5, 2483.375)
(1331.5, 408.0, 1681.5, 828.0)
(0.0, 0.0, 1893.0, 418.0)
(611.5, 4357.0, 921.5, 4411.0)
(1144.25, 743.0, 1291.25, 779.0)
(1441.609375, 20.0, 1462.609375, 41.0)
(1428.875, 66.0, 1558.875, 92.0)
(461.5, 5264.0, 549.5, 5294.0)
(0.0, 0.0, 165.0, 24.0)
(241.5, 582.640625, 286.5, 600.640625)
(1331.5, 3387.0, 1681.5, 3664.0)
(-4298.5, 99.0, 6201.5, 699.0)
(981.5, 581.0, 1128.5, 617.0)
(2539.5, 3150.375, 2668.5, 3165.375)
(755.0, 4184.375, 879.0, 4199.375)
(1564.5, 3798.0, 1655.5, 3998.0)
(1296.5, 5249.0, 1441.5, 5279.0)
(241.5, 3798.0, 1661.5, 4012.0)
(1124.875, 1943.0, 1310.875, 2059.0)
(1037.5, 3059.0, 1174.5, 3259.0)
(981.5, 1943.0, 1128.5, 2095.0)
(0.0, 0.0, 1155.0, 19.0)
(1514.25, 1034.5, 1661.25, 1070.5)
(981.5, 465.0, 1128.5, 617.0)
(241.5, 3684.0, 551.5, 3703.0)
(593.828125, 3387.0, 939.828125, 3664.0)
(765.703125, 4421.0, 930.703125, 4524.0)
(249.5, 3059.0, 378.5, 3259.0)
(1351.5, 1080.5, 1498.5, 1219.5)
(3891.5, 2468.375, 4161.5, 2483.375)
(665.5, 5224.0, 774.5, 5239.0)
